  -0.2220958314442258E+00  -0.1444762242391316E+00
   0.2612692310546103E+00  -0.3576189128468785E-01
  -0.4350627445470824E+00  -0.1109763589729843E+00
   0.4647296779930309E+00  -0.1226264811521375E+00
   0.1238968354642846E+00   0.5041978923724642E+00
  -0.2631766755085891E+00   0.5612501940584722E-01
   0.3178191469581135E-01  -0.1585296875309034E+00
   0.5441960183690511E-01  -0.9518100682580702E-02
  -0.1134409725644177E-01   0.2320937077035808E-01
  -0.6218436166519409E-02   0.1595039830317832E-03
   0.1454394959528016E-02  -0.1970948916757110E-02
   0.4726818669672017E-03   0.5248057247156366E-04
  -0.1010730831906985E-03   0.1422208054582439E-03
  -0.3672641889016858E-04  -0.2206610968190374E-04
   0.1221899427837273E-04  -0.7191854419892594E-05
  -0.6185423580352726E-06   0.2927611926049367E-05
  -0.3895625579692871E-06  -0.5512386106902061E-06
   0.9400776199657326E-07   0.1150775639307564E-06
  -0.8571318921205235E-07  -0.5099875684730965E-07
   0.1470965724008727E-07   0.1321333023140876E-07
   0.2605029553850388E-08   0.8154344023756953E-08
   0.1655241085765734E-08  -0.5729303020478324E-08
   0.1696026931099545E-07   0.1454783033870503E-07
   0.1986681478896355E-08  -0.4399931410178445E-08
  -0.5933524476940313E-08  -0.1052678263206905E-07
  -0.5291161439733877E-08   0.1509034583127631E-07
  -0.9763816212827983E-08  -0.6795558057531004E-08
   0.4438265611604688E-08  -0.1006340624157924E-07
   0.1004050678390279E-07   0.6504636997705760E-08
  -0.3402663013879472E-08   0.6389053517399856E-08
   0.6779863405768440E-08   0.2038631590841504E-08
   0.1364516230886767E-08  -0.3359932730270993E-08
  -0.1336355697978817E-07  -0.1521728871261697E-08
   0.2365592237631798E-08  -0.5657768707314852E-08
  -0.2161743255494112E-08  -0.1375150367858550E-08
  -0.2478661798501878E-08   0.6136700713998670E-08
   0.8576609930619951E-08   0.3964278985797249E-08
   0.1657871208205636E-08  -0.5670097864785802E-08
   0.2169653560208044E-09  -0.3984500504132452E-09
  -0.1532412152375459E-08   0.5752538071145100E-08
  -0.4816449867392537E-08  -0.4770337109002546E-08
   0.3284998998362111E-09  -0.3303362062025762E-09
   0.8353291996247816E-09   0.1837673629457691E-08
   0.5202355361148548E-09  -0.2542577813923892E-08
   0.4848403056768353E-08   0.1070416737592935E-08
  -0.1344671800908863E-08   0.4293512596251756E-08
  -0.2802426302364353E-08  -0.1063155561094187E-08
   0.1455312232027031E-08  -0.4199871521904512E-08
  -0.2621525098997307E-08   0.3017048176273244E-09
  -0.5008846666058314E-09   0.1290111064848090E-08
   0.2535617317214644E-08   0.1403327773135539E-08
   0.3829265395228435E-09  -0.1667934672265669E-08
  -0.9821901135089731E-09   0.3996280549460033E-09
   0.1089218728130585E-09  -0.6911909703828266E-10
  -0.4566423973290200E-09  -0.1554640847532272E-08
  -0.7050514709749886E-09   0.2659468321763134E-08
   0.5937649774532699E-09  -0.1175681042794473E-09
   0.4831663848939784E-09  -0.1902280668899114E-08
   0.1586317754128217E-08   0.2042146673711757E-09
  -0.7249563763795896E-09   0.2573216971069115E-08
  -0.5392808556976457E-09  -0.7731962292723777E-09
   0.4274430503701960E-09  -0.1321347727329019E-08
  -0.1231166107582902E-08   0.6537966049749159E-09
   0.2196382773089633E-09  -0.9623124856076044E-09
   0.5997012757653014E-09   0.6069707490159866E-09
  -0.9786469275708555E-10   0.3088877696020980E-09
  -0.7760888460422092E-09   0.9138573860386283E-11
   0.2715273541205445E-09  -0.9055334233773334E-09
   0.4241513163518372E-09  -0.6512031948162758E-10
  -0.3888918346947350E-09   0.1320179351460918E-08
   0.5531523691548900E-09   0.4846691698372766E-10
   0.2498465587794560E-09  -0.9363962671113554E-09
  -0.6436309838009077E-09  -0.2576749490272615E-09
  -0.1513988602524509E-09   0.8093618506460455E-09
  -0.7991215327810279E-10  -0.1013025461172434E-08
  -0.3210920707433674E-09   0.1118578533504576E-08
   0.1473998513743750E-08   0.7233248267406892E-09
   0.2830253412191294E-09  -0.1338663213706716E-08
  -0.2823557469654841E-09   0.3159289163002396E-09
  -0.5384040603769247E-10   0.4613939663949391E-09
  -0.1723764205956857E-08  -0.5531421820208859E-09
   0.2053214759690310E-09  -0.6320139947488021E-09
   0.3718531294157210E-09   0.7521091308245727E-09
   0.3824868165178454E-10  -0.5403239212602667E-09
   0.1334250045153866E-08   0.6805385114668860E-09
  -0.3952677390863063E-10   0.2392902941751842E-09
  -0.1633523249666167E-08  -0.1022543454351189E-08
  -0.4144303277294389E-10   0.4603900739146945E-09
   0.3347046217396539E-09  -0.3576604537311330E-09
  -0.1676785178119341E-09   0.4692275136946513E-09
   0.1371141982065980E-08   0.1981078914808942E-09
  -0.1041395286247373E-09   0.1894588800294416E-09
   0.2646885620800214E-09   0.1372234893619481E-09
   0.1123082613625850E-09  -0.2402442299200027E-09
  -0.1891027561699659E-08  -0.3510461886223345E-09
   0.1878073017209367E-09  -0.5228499685461578E-09
   0.1728509621462678E-09   0.3002335539249004E-09
  -0.9504744105869834E-10   0.9431437883388043E-10
   0.1258795655681717E-08   0.7228121708091109E-09
   0.1021174314252818E-09  -0.5115965602148323E-09
  -0.6881574921358705E-09  -0.2496071986439017E-09
  -0.3580546790440337E-10   0.4396634574012826E-09
  -0.9227432116783073E-09  -0.7166656641529268E-09
  -0.6519198037210993E-10   0.2556444906439889E-09
   0.1176191945911535E-08   0.3694075682925787E-09
  -0.4900163901986587E-10  -0.9416944625121336E-10
   0.7333502374796086E-09   0.1210106595286260E-09
  -0.7676097017991888E-10   0.4051351388753534E-09
  -0.1198793781993354E-08  -0.5070247260339028E-09
   0.1401213840043184E-09  -0.3180843102345102E-09
  -0.3317555053879639E-09   0.6027022801882001E-10
  -0.3611561551389572E-10  -0.5479189779896406E-10
   0.1156961864640679E-08   0.6432172814037256E-09
   0.5327840043371709E-10  -0.3028660595867076E-09
  -0.6074032560916005E-09  -0.2329389381235271E-09
  -0.2490221474233768E-10   0.2897900319146074E-09
  -0.3732775921729328E-09  -0.2486632483648885E-09
   0.9298235961113542E-11  -0.6850042516136438E-10
   0.3616327338021767E-09   0.3355493799926399E-09
   0.5743173026785512E-10  -0.3326726476946888E-09
   0.2855918718635380E-09  -0.1054548217142222E-09
  -0.1727321697894464E-09   0.7488905538766165E-09
  -0.3007237026174700E-09  -0.2646369288561243E-09
   0.1161041983789699E-09  -0.4360036295739100E-09
   0.5398368432918875E-10   0.2379949486194943E-09
  -0.1140752272822831E-10  -0.1412270829368858E-10
   0.6350178207228656E-10  -0.1127031946583319E-10
  -0.9815650897851374E-11   0.9427927962592651E-10
  -0.2888123404904588E-09  -0.1202236080671848E-09
   0.1912011574788309E-10  -0.7822370678968944E-10
   0.3503123026396174E-09   0.1087862707159374E-09
  -0.4953494593788400E-10   0.1317792103210206E-09
  -0.1518141076198178E-10   0.3129050385597206E-10
   0.6501393650983013E-10  -0.2071789820080605E-09
  -0.3068176915281150E-09  -0.1661743000217901E-09
  -0.6030476844623549E-10   0.2893046680791149E-09
   0.1816838554003177E-09  -0.2833994477626147E-10
  -0.4301517123657059E-11  -0.7576746496535852E-10
   0.3628147755029741E-09   0.3172547937262791E-09
   0.5948125043261191E-10  -0.2719739825938665E-09
  -0.4531396295347593E-09  -0.8539988851184862E-10
   0.1995378801798244E-10   0.8484214591355415E-10
  -0.4818137571794349E-09  -0.3283404411007971E-09
  -0.6003300661214595E-10   0.1956545124908680E-09
   0.9089212710658093E-09   0.2970756579350974E-09
  -0.1937926398753060E-10  -0.8799243429821017E-10
   0.1155427401377676E-09   0.2191854535559583E-10
  -0.1414082222698002E-11   0.1223812654355978E-09
  -0.7247736807329220E-09  -0.3519711281433390E-09
   0.1922489523770326E-10   0.2419560953263646E-10
   0.5658393983899855E-10   0.1562525578599339E-09
   0.3646220287939473E-10  -0.2839244383289782E-09
   0.6171593373102679E-09   0.3296133313321889E-09
  -0.3741979362642946E-10   0.1102692681327496E-09
  -0.3899051808094272E-09  -0.1471183657627794E-09
   0.6258607697786844E-10  -0.1085800925968286E-09
  -0.4596267821781659E-09  -0.1553405031202525E-09
  -0.2062520364548357E-10   0.5800109159987632E-10
   0.5484219490156925E-09   0.1826214089931126E-09
  -0.2612846284290557E-10  -0.2279700582780155E-11
   0.1429305798765223E-09  -0.2376658437629152E-10
  -0.1995511601128427E-10   0.1463935743855210E-09
  -0.3242582678522832E-09  -0.2916465076683017E-09
  -0.3462607264354686E-10   0.1818795746296616E-09
   0.8459272372581003E-10   0.1113255331945811E-09
   0.6757688108649789E-10  -0.3388329345610138E-09
   0.1544915032937493E-09   0.1287262533805197E-09
  -0.4634049920192931E-10   0.1966547999333295E-09
  -0.1525440933134003E-09  -0.1223010635383914E-09
   0.2446109243109020E-10  -0.5324968500864180E-10
  -0.8711782576684863E-10   0.9420904570554519E-10
   0.3386980092542431E-10  -0.1981180442895664E-09
   0.1769689582693458E-09   0.1651288136394578E-09
   0.1226903957625608E-10  -0.1102771351337933E-11
  -0.3853905879482581E-09  -0.3166286108711222E-09
  -0.7647962223812492E-10   0.3318676586968737E-09
   0.5042045078048226E-09   0.1003369131305368E-09
   0.9661906640559250E-11  -0.1389178765533363E-09
   0.4707887127631881E-10   0.1289015659139505E-09
   0.2991650452465054E-10  -0.8862807157772554E-10
  -0.3492774669997961E-09  -0.1381340427954282E-09
   0.4125403686879903E-12   0.9838480417860585E-10
  -0.2701928417460354E-09  -0.7087963963285887E-10
   0.2410713988355288E-10  -0.1626130438366302E-09
   0.6460291808158016E-09   0.2393849692003990E-09
  -0.6442329388249098E-10   0.1792503523393554E-09
  -0.1101605335319590E-09  -0.1029856791647200E-09
   0.3866890728921415E-10  -0.5859404196009557E-10
  -0.3952436733584513E-09  -0.1701488438948560E-09
  -0.1554505181414532E-10   0.8868052106442829E-10
   0.2230681764063302E-09   0.1057636632973265E-09
   0.6663720763152742E-11  -0.1205018678841265E-09
   0.2618460854180395E-09   0.1903900861317590E-09
   0.1718825648066342E-10  -0.5594871782537710E-10
  -0.3595735060231093E-09  -0.1583894480008575E-09
  -0.4666682534642387E-11   0.9999185216352730E-10
  -0.1233800646235913E-09  -0.1639115677728200E-10
   0.2831706828226652E-10  -0.1608365126683980E-09
   0.3123109911692016E-09   0.1358911066882373E-09
  -0.3999669166077050E-10   0.1204175191732470E-09
   0.2465336621247471E-10  -0.1306501550191060E-09
  -0.2562875582834762E-10   0.1573118622672186E-09
  -0.1685554043242347E-09  -0.1075921575986776E-09
   0.1412677527133835E-10  -0.7435874291462061E-10
   0.1620821105588218E-09   0.1504525414947378E-09
   0.2350981195936622E-10  -0.1053189207385681E-09
  -0.1543627232396540E-09  -0.7725503684097615E-10
  -0.2934150404245550E-10   0.1446622130476234E-09
   0.8349610685018599E-10   0.3437842610758967E-10
   0.2774509373618846E-10  -0.1380555599975109E-09
  -0.5837277040009283E-11   0.1127923561581548E-09
   0.2034108480877767E-10  -0.9133642092054592E-10
  -0.6359370726746377E-10  -0.1948006555316608E-10
  -0.7038324383257336E-11   0.8053977011381686E-10
  -0.1893137893128443E-09  -0.1416605067988217E-09
  -0.1757948888416112E-10   0.5392569188349731E-10
   0.4116107307484017E-09   0.9589446668410691E-10
  -0.3398142792102658E-10   0.6923396436114932E-10
  -0.2313847640030441E-11   0.1955888957454428E-10
   0.4154947844734774E-10  -0.1128543868829950E-09
  -0.3478731380640925E-09  -0.1344274445248989E-09
  -0.1728755391157210E-10   0.1125055714083736E-09
   0.6850262691853422E-10   0.4942232364049494E-10
   0.2276063823420421E-10  -0.1532928356274055E-09
   0.2520854154958138E-09   0.1379468109634326E-09
  -0.2200809838693021E-10   0.6922720256236727E-10
  -0.1083534100174794E-09  -0.9844301446302436E-10
   0.5254940906058811E-11   0.4731336815814214E-10
  -0.2318292530172531E-09  -0.7792628445307105E-10
   0.1039970167849396E-10  -0.6986144061855196E-10
   0.2942882555362548E-09   0.1680476673528134E-09
   0.4069927518195149E-11  -0.4182635869766116E-10
  -0.1176781741100830E-09  -0.9915638920035019E-10
  -0.3079772920710871E-10   0.1527175385532455E-09
   0.5315371613233931E-10   0.1999237781949441E-10
   0.3223578206878163E-10  -0.1448952890415097E-09
  -0.9963061374401168E-10   0.8073593783316379E-10
   0.2553056739223877E-10  -0.9803282590996196E-10
  -0.1532467683532778E-10  -0.6213553063722254E-10
  -0.4469450100870957E-10   0.2084566100875906E-09
  -0.1209672447544626E-10  -0.8926954181420325E-10
   0.2258318150242074E-12  -0.4037132851459629E-10
   0.2984557901933163E-09   0.1106832663422625E-09
  -0.1471855594292858E-10   0.4148704737490723E-10
  -0.2032973454989753E-09  -0.1003996993429195E-09
   0.1452398110887061E-10   0.2772738123042609E-11
  -0.1298137249742884E-09  -0.3299566151085929E-10
   0.1997443101067259E-11  -0.3279327958731788E-10
   0.1846311033691108E-09   0.1521205669933266E-09
   0.2376286059372904E-10  -0.1262322565497939E-09
  -0.4745165253911067E-10  -0.2028011189288440E-10
  -0.2459310243001755E-10   0.1319445524682490E-09
  -0.9695152273005778E-10  -0.6471296573380934E-10
   0.2077488876192013E-10  -0.7471110045490857E-10
   0.2756360413270103E-10   0.3392025371890272E-10
  -0.1384828882635202E-10   0.2193665079223382E-10
   0.1555311928578491E-09   0.8755677876527170E-11
  -0.1396559538323971E-10   0.7741788948722755E-10
  -0.1586174721973504E-09  -0.1190505816780159E-09
  -0.1035972966746420E-10   0.3928818131860936E-10
   0.1715194180311736E-09   0.1166448852492598E-09
   0.3042167157595931E-10  -0.1400956425102398E-09
  -0.1876798633345554E-09  -0.1994727814731569E-10
  -0.3759912673342579E-12   0.3366596257680499E-10
   0.1514329396615812E-10  -0.4584023449181548E-10
  -0.1910845941480786E-10   0.7353529725794532E-10
   0.6556898801927793E-10   0.3778686913472839E-10
   0.1362052331722382E-10  -0.9839796593186299E-10
   0.1417613755028227E-09   0.7299586950579692E-10
  -0.5868215121162105E-11   0.5829342132982884E-10
  -0.3132004856568491E-09  -0.1631572492474413E-09
  -0.1663328292691266E-11   0.3025591495189728E-10
   0.1917324358734968E-09   0.1113454341513411E-09
   0.1307090284290869E-10  -0.1042760985720084E-09
   0.3276440818531006E-10   0.4767899167573185E-10
  -0.4135755291915885E-11   0.3323147900488035E-10
  -0.8979070859057685E-10  -0.8348843882139573E-10
  -0.9644808279512611E-11   0.6801720846524730E-10
  -0.6494853971048737E-10   0.6531778409867330E-11
   0.2501589257674452E-10  -0.1329802927027045E-09
   0.1616184065011927E-09   0.7074793101372971E-10
  -0.2460110878965420E-10   0.1085817973024179E-09
  -0.1195382438706592E-09  -0.1572681509804504E-09
  -0.2531219718818867E-10   0.1154885566097458E-09
   0.1506323372056415E-09   0.7137198487610899E-10
   0.2597222337317445E-10  -0.1416456165455684E-09
  -0.4290089236190826E-10   0.6449346896036430E-10
   0.1148129892020528E-10  -0.2097881666440754E-10
  -0.1601615433167369E-09  -0.6676727588252445E-10
  -0.1688486072265423E-11   0.3650150288167570E-10
   0.5601307569698184E-11   0.1932906266916585E-10
   0.5470165335413787E-11  -0.6872603284631754E-10
   0.2437807424635050E-09   0.1014267137411248E-09
  -0.1356659062840877E-10   0.5150623204757427E-10
  -0.1798087462191954E-09  -0.1146046338683265E-09
  -0.3835527964641256E-13   0.4026117405031290E-10
  -0.2877096683651985E-10   0.1095038650973672E-11
   0.1157020170383792E-10  -0.6574350447520247E-10
   0.7567891301484075E-10   0.5475823771192732E-10
  -0.6402310701727558E-11   0.1214344142526874E-10
   0.3350807739418229E-10  -0.3010683076976313E-10
  -0.1498207104306544E-10   0.7582449311682484E-10
  -0.7261927591226093E-10  -0.2082393025690045E-10
   0.2100088888966200E-10  -0.8910238266981554E-10
   0.2821689493214348E-10   0.5278528338094377E-10
  -0.3305074372695957E-12   0.1967742052154669E-11
  -0.5565576219536418E-10  -0.5514032063307015E-10
  -0.1297940630177673E-10   0.6526181709943817E-10
   0.6693777106432599E-10  -0.1171378468978209E-10
  -0.8970305000848373E-11   0.1092520171407755E-10
   0.9191688632315384E-10   0.6602012735634740E-10
   0.1750873943877013E-10  -0.7182207432109771E-10
  -0.1385367944342502E-09  -0.2322799968898427E-10
   0.4788360044147534E-11   0.1342780782131678E-10
  -0.7746434375080358E-10  -0.1874289172856158E-10
   0.4856651612474186E-11  -0.3254620614703921E-10
   0.1246062095841874E-09   0.6552676168373601E-10
  -0.4201288166947935E-11  -0.4688966428503814E-11
   0.3103285680332867E-10  -0.3805422984064079E-10
  -0.2095252691796455E-10   0.1035730148461920E-09
  -0.6261923718521732E-10  -0.5151198409163830E-10
   0.1162828422336560E-10  -0.4854965730610434E-10
   0.2391439395664126E-10   0.5482575355833874E-10
   0.1030990963989989E-10  -0.4664253674026136E-10
  -0.3252532179756164E-10  -0.3579262045474262E-10
  -0.1994986254193826E-10   0.9358627024781870E-10
   0.2899596892286685E-10  -0.1451403769220381E-10
   0.4672406561712555E-11  -0.3962256529421476E-10
   0.5782660312614736E-10   0.6978344837796929E-10
   0.1594417436977078E-10  -0.5905676742415757E-10
  -0.1245076120739733E-09  -0.7604485203728434E-10
  -0.2172734690826982E-10   0.1150460003304477E-09
   0.3181265989797648E-10  -0.1448888817785918E-10
   0.6878417220522355E-11  -0.5942625038630125E-10
   0.1302411078231392E-09   0.9192397344441782E-10
   0.5171564748376989E-11  -0.2690144878661545E-10
  -0.9806849145843392E-10  -0.6462055500942130E-10
  -0.1264047016016080E-10   0.8443935185028335E-10
  -0.6929178777960124E-10   0.1421580014545688E-11
   0.2902352030378599E-10  -0.1373825752578002E-09
   0.8108677259531183E-10   0.9143631040381904E-10
  -0.3862158445487928E-11   0.1275993145600789E-10
  -0.5010942842187839E-10  -0.9639447593450392E-10
  -0.3032485177864785E-10   0.1427495869522694E-09
   0.5235398881279227E-10  -0.8993378056555894E-11
   0.1348404701312828E-10  -0.8451807719528075E-10
   0.7794786907533735E-10   0.7780214090604967E-10
   0.5547574023659293E-11  -0.1497483145465332E-10
  -0.1487639865973295E-09  -0.7868871974655267E-10
  -0.7564074204408464E-11   0.6105102272457294E-10
  -0.7073179269807410E-11   0.1530056312118165E-10
   0.1606864819266564E-10  -0.9564019908061039E-10
   0.1243352632123967E-09   0.7669449340332795E-10
  -0.8970877595213217E-11   0.3453144533249499E-10
  -0.7305705774746522E-10  -0.9194561571190241E-10
  -0.1778386538492288E-10   0.9512393762556465E-10
   0.2460641403263883E-11   0.8731586229224905E-11
   0.2218402904605200E-10  -0.1105390553102460E-09
   0.4907390437392708E-10   0.6461713515468169E-10
  -0.3569104300972206E-11   0.1726866058562359E-10
  -0.6551781431753768E-10  -0.5238058458722096E-10
  -0.6305934373131407E-11   0.4182966191973015E-10
  -0.2467498841571366E-11   0.2660158282622382E-10
   0.1844694264038523E-10  -0.9551184674521272E-10
   0.5515747172414563E-10   0.5150182544149984E-10
  -0.5957005422935398E-11   0.3247116334539039E-10
  -0.8728562741990993E-10  -0.8275452266981506E-10
  -0.1304800573683986E-10   0.6640481127911774E-10
   0.6113201511750998E-10   0.1071899462860412E-10
   0.5104001618512525E-11  -0.4330369432643358E-10
   0.6024261655315169E-10   0.2260583311846184E-10
  -0.9239293999929664E-11   0.4195533165817933E-10
  -0.5457284772184181E-10  -0.4272159579788863E-10
   0.1555102271809672E-11   0.4597744253332802E-11
  -0.3339333424321208E-10   0.3780150342691512E-10
   0.2447965448657431E-10  -0.1062285530103988E-09
  -0.3236585279045136E-11   0.1146153608220342E-10
  -0.1739629379665120E-10   0.7906768781076478E-10
   0.8086955286074107E-11  -0.5525018074232493E-10
  -0.1179033757562996E-10   0.3953158037331999E-10
   0.9019672906470858E-10   0.4327797177806436E-10
   0.1130831774818984E-10  -0.5874167095213482E-10
  -0.4158744364032331E-10  -0.7623603159944313E-11
  -0.4970899869760149E-11   0.4210129392050164E-10
  -0.8533799076713605E-10  -0.2705525732174002E-10
   0.1211105337089671E-10  -0.5010821641008928E-10
   0.4562731927642767E-10   0.6129620361702877E-10
   0.5875981146519643E-11  -0.3856429223837402E-10
   0.2127550026697310E-10  -0.1919613550650592E-10
  -0.1991657608421478E-10   0.9311753716372959E-10
  -0.2063816838172358E-10  -0.4506963036809384E-10
   0.2989175349089813E-11  -0.1847554039984200E-10
   0.4804107243010744E-10   0.4358901659540210E-10
   0.7972828693600797E-11  -0.3557204864815296E-10
  -0.5133518765754555E-10  -0.3865057237487750E-10
  -0.1453866824706305E-10   0.7353796826631642E-10
   0.8820925263163666E-11  -0.6613209650605311E-11
   0.8935579992335939E-11  -0.5129157747976121E-10
   0.4529467250063370E-10   0.5868770438221445E-10
   0.7994154571270813E-11  -0.3287255199379683E-10
  -0.6116237957941264E-10  -0.4190525101364489E-10
  -0.1331177795699121E-10   0.7139113356178515E-10
  -0.1080212181896962E-10  -0.4445824996757096E-11
   0.1375016295099349E-10  -0.6989841084892263E-10
   0.6530186406490665E-10   0.4454403365165229E-10
  -0.7913806652750783E-11   0.2880806574717496E-10
  -0.2206487962363772E-10  -0.4287997918028500E-10
  -0.7933520040789964E-11   0.4295249986904975E-10
  -0.1608284191420387E-10   0.1988638855610474E-10
   0.2090159401055798E-10  -0.9420520094147517E-10
   0.2697519956689027E-11   0.3543059635472245E-10
  -0.4000172860009887E-11   0.2420186605721551E-10
  -0.4494887312488646E-10  -0.4888482592953958E-10
  -0.9343801774687497E-11   0.4090406078255618E-10
   0.6046361271860996E-10   0.2250093046274261E-10
   0.6322902019998878E-11  -0.4122362868773258E-10
   0.2281167751276409E-10   0.5549189586378325E-12
  -0.1130483980799750E-10   0.5579288561873123E-10
  -0.4463439429599316E-10  -0.3896597678636216E-10
   0.2988733488900042E-11  -0.9999521899356524E-11
   0.8075859816011320E-11   0.4595008085214202E-10
   0.1741347868574731E-10  -0.7704537400545144E-10
  -0.1922819332346560E-10  -0.1016260347846250E-10
  -0.1775523711898698E-10   0.8216386714697050E-10
   0.4566375412505018E-11  -0.3177472926994884E-10
   0.1483425383773746E-11  -0.1378329603597034E-10
   0.5172247163117290E-10   0.3529625524970959E-10
   0.3129475005621037E-11  -0.1975893131220625E-10
  -0.1847886023914921E-10  -0.2214821965699472E-10
  -0.8808995126921657E-11   0.5066675496871450E-10
  -0.4692284303254711E-10  -0.1146411480086857E-10
   0.1340664373117623E-10  -0.6190011822871781E-10
   0.4141684329938089E-10   0.5330172867974819E-10
   0.3359439394239520E-11  -0.1440464090613285E-10
  -0.3891590498485947E-10  -0.4432986898960993E-10
  -0.1684557197430431E-10   0.7484823438880709E-10
   0.4197148591689123E-10   0.1212927278129219E-10
   0.1390042047610986E-10  -0.6701093495095229E-10
  -0.6411169168536641E-11   0.1289236371351973E-10
  -0.6847270454264922E-11   0.3358565503498833E-10
  -0.1487477497774604E-10  -0.3651585616682821E-10
  -0.5629113418780855E-11   0.2975823496781664E-10
  -0.3077638918564172E-11   0.1506096811515379E-10
   0.1137277444744607E-10  -0.6237778984963702E-10
   0.5272005057841118E-10   0.3783965416913526E-10
  -0.3286089751227297E-11   0.2599510430604944E-10
  -0.1010692634714048E-09  -0.6751605957575933E-10
  -0.8355683218083814E-11   0.3391258702109220E-10
   0.9222777300571900E-10   0.6364633259033356E-10
   0.2118139754577281E-10  -0.9293076827145094E-10
  -0.7049089309135529E-10  -0.4688712175119124E-10
  -0.3077587665914599E-10   0.1315641063003972E-09
   0.9134619799004119E-10   0.3704528769956595E-11
   0.1495767808803826E-10  -0.6593838785062796E-10
  -0.6990360090109273E-10   0.2238289738082670E-10
   0.6741038829160535E-11  -0.3367524325669241E-10
   0.5272392783830611E-10   0.2500533912521984E-10
  -0.1438618637265717E-11   0.2654414594480845E-10
  -0.1592645122598315E-09  -0.5729684765265813E-10
   0.4853496047611595E-11  -0.3264259561774568E-10
   0.2046676628529771E-09   0.9098493859891935E-10
  -0.2044797854507430E-11   0.4895319588959014E-11
  -0.1426725008348950E-09  -0.1049264696468172E-09
  -0.2269277605295184E-10   0.9673900875670772E-10
   0.1575420044314527E-09   0.6907648655276879E-10
   0.2702599851700297E-10  -0.1141895570062751E-09
  -0.1857801164191146E-09  -0.3510176306861145E-10
  -0.8165780528568068E-11   0.4012707295177654E-10
   0.1315780079283000E-09   0.2793186267399765E-10
  -0.1039842653925692E-11   0.7077030331243791E-11
  -0.1373191384082805E-09  -0.4299528816392335E-10
   0.4608841550324378E-11  -0.2908079176635499E-10
   0.2078914701393940E-09   0.4652567150179669E-10
  -0.2284456536862560E-10   0.9447328434268668E-10
  -0.1736879246742510E-09  -0.7868985952619906E-10
   0.1812786066703412E-10  -0.6960918843241332E-10
   0.1297441751580942E-09   0.7985495214503207E-10
  -0.2885481762556411E-11   0.8130526521914942E-11
  -0.1501648994956211E-09  -0.5314417073764673E-10
   0.6564105768936245E-11  -0.1564220308003602E-10
   0.1114175301425495E-09   0.3326125149261490E-10
  -0.1272077023477001E-10   0.3561018177411551E-10
  -0.3131886163974142E-10   0.1704364338255301E-12
   0.1718335829605935E-10  -0.6114305232114883E-10
   0.6175657290494592E-11  -0.2071625713380447E-10
  -0.2713409057367116E-10   0.1086076100664438E-09
   0.1025647267895845E-12   0.2109911996829356E-10
   0.3718700513787770E-10  -0.1501043061441612E-09
  -0.3822874306554620E-10   0.2309818194832243E-11
  -0.2843131460513984E-10   0.1148094426896564E-09
   0.5372123101802221E-10  -0.8136845420638300E-11
   0.1417586354219882E-10  -0.5458463482149187E-10
  -0.5846385578990447E-10  -0.3602509858772393E-12
  -0.3892445321032053E-11   0.7807674876784372E-11
   0.9561236556826689E-10   0.1465696038538746E-10
  -0.7564101561529696E-11   0.3729627429690081E-10
  -0.1175779323058339E-09  -0.3572151676806396E-10
   0.1406023806139555E-10  -0.5638975196209098E-10
   0.9565701630304328E-10   0.4080687369195764E-10
  -0.1281610139008561E-10   0.4754747372075143E-10
  -0.6747974915423469E-10  -0.3325613700040941E-10
   0.8879022298942172E-11  -0.3192464805264612E-10
   0.5678055076646516E-10   0.2376074368591335E-10
  -0.8183935049319685E-11   0.2752055461023678E-10
  -0.4139271262266050E-10  -0.1162055306200967E-10
   0.1121349125921670E-10  -0.3644421925565128E-10
   0.3465931905247346E-11  -0.8716399179288547E-11
  -0.1613332550621553E-10   0.5701942008441605E-10
   0.3728665271483335E-10   0.2372722590490205E-10
   0.1968527276969995E-10  -0.7626368424325351E-10
  -0.5438353920004269E-10  -0.2694728651196834E-10
  -0.2171178804915638E-10   0.8857593894313603E-10
   0.6532656133870459E-10   0.2243600752885995E-10
   0.1901500585627408E-10  -0.8143945145129220E-10
  -0.7619876424215381E-10   0.4207108923900110E-11
  -0.1091171151267974E-11   0.1188365797276151E-10
   0.4167617510656211E-10  -0.2467863819395813E-10
  -0.1813997346736457E-10   0.7164557916169340E-10
  -0.8063312746352693E-11   0.1296349266779828E-10
   0.2422297409364824E-10  -0.1054383345223740E-09
   0.3892228978268632E-10   0.6315117818516389E-11
  -0.2913846019718919E-10   0.1221770161811855E-09
  -0.4184671920940872E-10  -0.2460791673930291E-10
   0.2665639935418428E-10  -0.1028690916386924E-09
  -0.1804009971600367E-10   0.3008120846889672E-10
  -0.7896830290727136E-11   0.2618358628876789E-10
   0.3637497290062674E-10  -0.1574857332007965E-10
  -0.7312978106625669E-11   0.3475178093469208E-10
  -0.2435416407266813E-10  -0.1274417786512674E-10
   0.5277556742248602E-11  -0.2867460343501682E-10
   0.6301537222655390E-10   0.2521219805518564E-10
  -0.6226644032889236E-11   0.2621668720911299E-10
  -0.7160216021040463E-10  -0.2297785628461735E-10
   0.1034270212008751E-10  -0.3399276959884897E-10
   0.1195118058112602E-10   0.2003682577291969E-10
  -0.2311853277583443E-11   0.3191094332814476E-11
   0.2021815338025410E-11   0.2130648689383952E-11
   0.2276715678673801E-11  -0.6123726600478049E-11
   0.9026236977012538E-11  -0.1721002927411001E-10
  -0.1316073098274922E-10   0.4814662439455358E-10
   0.3136522929036568E-10   0.1871497428076595E-10
   0.1586106028387468E-10  -0.6195289085761448E-10
  -0.5639001299610829E-10  -0.1461201039950847E-10
  -0.1117333725497911E-10   0.4805288447359152E-10
   0.3371226040018008E-10   0.1490357201791097E-10
   0.1209648874623384E-10  -0.5077212295569632E-10
  -0.4580073889230517E-10  -0.3017061345665651E-11
  -0.4191186180195257E-11   0.1944906513411184E-10
   0.5772457517895713E-10  -0.1693940002214507E-10
  -0.1627456895767304E-10   0.6008011466035757E-10
  -0.6623993630338587E-11   0.1225893960282907E-10
   0.2315825735589967E-10  -0.9159799448906706E-10
  -0.1531029845823076E-10  -0.1274966411956682E-10
  -0.2555088005024407E-10   0.1057424698699296E-09
   0.6794102410359351E-11   0.8748095886217512E-11
   0.2829901815373124E-10  -0.1163825228949932E-09
  -0.3950169822769788E-10   0.1367855088978464E-10
  -0.1263168716412616E-10   0.5552484811135344E-10
   0.4055413010977658E-10  -0.3811099219645826E-10
  -0.1453331396458434E-10   0.5449990726890304E-10
   0.1423752821324464E-10   0.2819147695713753E-10
   0.2407199837997516E-10  -0.1025090838811503E-09
  -0.1328374992650387E-11  -0.1024851036036439E-10
  -0.2857587445125844E-10   0.1227790929469740E-09
  -0.2797203280894491E-10  -0.3428191637181402E-11
   0.3375231937413834E-10  -0.1350164057732895E-09
  -0.3007789098450656E-10   0.2754798323942050E-10
  -0.1410072223169429E-10   0.5427701575596868E-10
   0.5655967779938759E-10  -0.2386823613628266E-10
  -0.9946501410380682E-11   0.3989300164521748E-10
  -0.1970827033132961E-10   0.8590027761907523E-11
   0.1767647484945354E-10  -0.7423974371543596E-10
   0.2863748184744810E-10   0.2256951103464416E-12
  -0.2363492565224956E-10   0.9674788152330041E-10
  -0.3492462727617764E-10   0.2470589961492762E-11
   0.3258139953191474E-10  -0.1271584141289696E-09
  -0.3420522882281350E-10   0.1033303401798274E-10
  -0.1933839110709550E-10   0.7839378829498149E-10
   0.5170164414274561E-10  -0.1877747657473228E-10
  -0.1757279387221436E-11   0.1168267448661956E-11
   0.9341296180248356E-12   0.1830278772219213E-10
   0.9883308754026870E-11  -0.4010779349375724E-10
   0.3568824252354186E-11  -0.2556120595382868E-10
  -0.2229405956854998E-10   0.9508123003612217E-10
  -0.2046659957636861E-10   0.9598093708126042E-11
   0.3150985481591421E-10  -0.1297835603117673E-09
  -0.1436843013355865E-10   0.1549394949169871E-10
  -0.2062098557816684E-10   0.8570547628889936E-10
   0.2350651817492910E-10  -0.3148053321543526E-10
   0.3133610983250735E-12  -0.2384083581075501E-11
   0.1253302902436907E-11   0.2058687582020921E-10
   0.8859999656244721E-11  -0.4071430729631847E-10
   0.2333491333495785E-10  -0.1261147169455094E-10
  -0.1997590081736291E-10   0.8506995887069940E-10
  -0.3457684565121151E-10   0.1405868033029220E-11
   0.2847502438942379E-10  -0.1136225160765326E-09
  -0.1413167484992614E-10   0.1717463832134529E-10
  -0.1485616093883669E-10   0.5803502439058651E-10
   0.2859733698766787E-10  -0.3620696061727893E-11
   0.1792082954297329E-11  -0.7001995852768648E-11
  -0.7651553821419911E-11  -0.5140667412265468E-11
   0.3959119126805249E+00   0.3365842463710707E+00
  -0.1213693995439101E+01  -0.7128207739432126E-01
   0.6603848334096156E+00   0.2236597732153615E+00
  -0.1226850488731209E+01   0.4593417903011797E+00
  -0.2936575222808680E+00  -0.9786242438508463E+00
   0.8214444523060209E+00   0.7259501368038687E-01
  -0.3795057603711026E-01   0.2573830342836050E+00
  -0.1700779543694401E+00  -0.5934384428184205E-01
   0.2774309643209207E-01  -0.3118037442797155E-01
   0.2066443597028510E-01   0.1293450711608673E-01
  -0.5480463315498151E-02   0.3402103879831105E-02
  -0.2457619452610489E-02  -0.2015911165045703E-02
   0.9965972103586124E-03  -0.7089276152747828E-03
   0.2949136396057887E-03   0.4374742519042475E-03
  -0.2056010250296127E-03   0.5399925989930733E-04
  -0.6047525743965497E-06  -0.7138977654665683E-04
   0.2147565053083349E-04   0.8039196387046340E-05
  -0.4121335081647146E-05   0.5184858028036953E-05
  -0.8547605271054564E-06  -0.1391133144411435E-05
   0.4356867832838323E-06  -0.1334127028942245E-06
  -0.1899324106289965E-07   0.1045660043193461E-06
  -0.1123300146577707E-07   0.4909921863577732E-08
  -0.2956344905888542E-07  -0.2310263771078674E-07
  -0.3034759045600128E-08   0.1178096665134193E-07
   0.1042599282587591E-07   0.1411400579547146E-07
   0.1242310020784729E-07  -0.4223385862881812E-07
   0.1938979197946904E-07   0.7655908216647974E-08
  -0.1722523178978883E-07   0.2486455967045789E-07
  -0.2068927223126138E-07  -0.8108861934397732E-08
   0.2344098874412691E-07  -0.1345624642756229E-07
  -0.1398740269420749E-07  -0.1115639297950009E-08
  -0.1002540304119197E-07   0.8568821023195287E-08
   0.2913904966155074E-07   0.1749628979998032E-09
  -0.1840452897892773E-07   0.1367386646425718E-07
   0.4459413586591315E-08   0.2074428323353058E-08
   0.1474149669231978E-07  -0.1454121670193599E-07
  -0.1764441610773153E-07  -0.4390505972288063E-08
  -0.2976651792971750E-08   0.1491321457120178E-07
  -0.7800540431861225E-09   0.2397793297655316E-09
   0.4261160533774440E-08  -0.1592690368546053E-07
   0.9010544420631430E-08   0.6027684408774786E-08
  -0.3467721039775359E-08   0.1028852955749697E-09
  -0.1255147903471313E-08  -0.2821825395413510E-08
   0.7088300885479158E-09   0.7012656600905398E-08
  -0.1017447109347004E-07  -0.5358479976642192E-09
   0.7143437741865397E-08  -0.1080770652938307E-07
   0.5637524822383277E-08   0.1058292394778092E-08
  -0.9637432516914321E-08   0.1056007802640665E-07
   0.5816093468543674E-08  -0.7590370032373258E-09
   0.2546211508647711E-08  -0.2718174242054954E-08
  -0.4719064656844423E-08  -0.1274863719200840E-08
  -0.1065384923157552E-08   0.4667811145510854E-08
   0.2071489323926217E-08  -0.8039587739210770E-09
  -0.1313539881593933E-08  -0.1282963259696713E-09
   0.5446407712175534E-09   0.2060882032445517E-08
   0.3438461142060068E-08  -0.7210804618066986E-08
  -0.1473665762541468E-08   0.8217704117687666E-10
  -0.1242915790513587E-08   0.4713907720095139E-08
  -0.3385179471521927E-08  -0.1648657029446310E-09
   0.3988693868960396E-08  -0.6689237088859612E-08
   0.8748409046153794E-09   0.1087202711972259E-08
  -0.2998162278668535E-08   0.3382304282418034E-08
   0.2918556294346992E-08  -0.1105419725521304E-08
  -0.1266742993148445E-08   0.2813988437817620E-08
  -0.8935442658660676E-09  -0.5758798375649531E-09
   0.4072297135580862E-09  -0.5813211582518866E-09
   0.1549978452280352E-08  -0.1206359820808051E-09
  -0.1516231837398604E-08   0.2318608632736066E-08
  -0.9395565864930159E-09   0.1374452478431585E-09
   0.2407705181566089E-08  -0.3388780799249687E-08
  -0.1145875984031581E-08   0.5359536421348999E-10
  -0.1304330596955370E-08   0.2267285470137908E-08
   0.1331065467212627E-08   0.6093778675435872E-10
   0.3235242742556110E-09  -0.2399144820406222E-08
  -0.3108803672728012E-09   0.1430081450261735E-08
   0.2270881799033867E-08  -0.2939085905081946E-08
  -0.2931548903857264E-08  -0.8304769886247885E-09
  -0.7740807396882988E-09   0.3631178007897317E-08
   0.7703811512117033E-09  -0.4421715196616323E-09
  -0.7266309742334253E-09  -0.1155367793575973E-08
   0.3547557252362018E-08   0.5830506634394184E-09
  -0.1669056452635291E-08   0.1740767412897249E-08
  -0.5516738610425004E-09  -0.9095223046079243E-09
   0.7545386854817287E-09   0.1711244850896158E-08
  -0.2501929438334146E-08  -0.7251735757880280E-09
  -0.1902386310205724E-10  -0.7108250209898083E-09
   0.3019574892511358E-08   0.1146269276891325E-08
  -0.4768657261782579E-09  -0.1518282509908294E-08
  -0.8009093438060558E-09   0.3814059621603998E-09
   0.1674445238418080E-08  -0.1299933599074934E-08
  -0.3025459234026597E-08  -0.2920856889272245E-10
   0.1305618782373109E-08  -0.4469131889372328E-09
  -0.4319567802415491E-09  -0.1683139671376804E-09
  -0.1368170844130553E-08   0.6001310221032373E-09
   0.3959626661303917E-08   0.2126185474466751E-09
  -0.1766743371368253E-08   0.1385905540493337E-08
  -0.2300472987664871E-09  -0.3179296310105637E-09
   0.1248608306651189E-08   0.1640469190460296E-10
  -0.2457029902396710E-08  -0.7381418807360834E-09
  -0.2320900902392579E-09   0.1408890867694654E-08
   0.1396752991056360E-08   0.1915675877947056E-09
  -0.6518818753696416E-09  -0.1336556643700451E-08
   0.1706046512035296E-08   0.8260639305888180E-09
   0.4477563805619148E-09  -0.7580602642568013E-09
  -0.2416656297678659E-08  -0.3747674559900100E-09
   0.1186523809953721E-08   0.2987351567915922E-09
  -0.1547331490003807E-08  -0.4365605516138382E-10
   0.1282616833784819E-09  -0.1122578750331147E-08
   0.2411012060629694E-08   0.4789592057244386E-09
  -0.1478150033228310E-08   0.7407861457634070E-09
   0.7338869332934353E-09  -0.9421238972655710E-10
   0.6519547780822797E-09   0.3055845433212362E-09
  -0.2188573310374179E-08  -0.6890370691659078E-09
  -0.7286327259085688E-12   0.8714892400291978E-09
   0.1135501429276473E-08   0.2456798353402946E-09
  -0.3774309200129298E-09  -0.8241552214585094E-09
   0.7601725548165167E-09   0.2833924996583556E-09
  -0.2560447810009069E-10   0.1895306540772270E-09
  -0.6587735187763970E-09  -0.4269948594298814E-09
   0.2418602646943167E-10   0.8794085286366371E-09
  -0.6691758969290667E-09   0.1913121002926971E-09
   0.8439570567391801E-09  -0.1994243903148743E-08
   0.5188944795767809E-09   0.3178562262530894E-09
  -0.7137778080388124E-09   0.1106364143350108E-08
   0.5752328237492894E-11  -0.3418620107668779E-09
   0.1389554954532773E-09   0.8345370650443786E-10
  -0.1112466155761197E-09   0.5489165242840902E-10
  -0.7870510286638412E-10  -0.2618910232206622E-09
   0.5306629088564385E-09   0.1105515055879606E-09
  -0.6607403102045482E-10   0.1991271689101795E-09
  -0.6882508100676794E-09  -0.9389383254226279E-10
   0.4261306211149432E-09  -0.3153241584376931E-09
   0.4311406722683835E-10  -0.4229003364297450E-10
  -0.4983811882928804E-09   0.4963436232992913E-09
   0.5925483234380895E-09   0.1523703441533781E-09
   0.2420012096424534E-09  -0.7748150775549181E-09
  -0.4273659044907808E-09   0.9110144093561063E-10
   0.2943102786349502E-09   0.2575919521011530E-09
  -0.6436367190248878E-09  -0.3653178516011017E-09
  -0.3288366342238306E-09   0.7478723458053557E-09
   0.9906040919384596E-09   0.3145978810961531E-10
  -0.5825915037142185E-09  -0.2973936550274822E-09
   0.8691623878239992E-09   0.3881052851510734E-09
   0.5169225937345967E-09  -0.5158215223317775E-09
  -0.1834889039912341E-08  -0.2883929668900634E-09
   0.6081375680960537E-09   0.2708832065380327E-09
  -0.2638681326634273E-09  -0.1484022182758316E-10
  -0.3137658278920804E-09  -0.3824298432505662E-09
   0.1441941281914284E-08   0.3653128988790395E-09
  -0.4208123242512499E-09  -0.8920889552944700E-10
  -0.6258947054328352E-10  -0.1992007360530408E-09
