  -0.2695753373647815E-09   0.3013396730682576E-09
  -0.1177913489357564E-09  -0.9187619823761650E-10
   0.1170317992257090E-09  -0.1452942340678098E-09
   0.9500367210994406E-10   0.1361906323441064E-10
   0.6912920717669812E-10  -0.8703012605925683E-10
  -0.2802485746085698E-10  -0.1272422764728775E-09
   0.3545231640090955E-10   0.4528101648715500E-10
   0.1680058334656187E-09   0.2994065955838181E-09
   0.2069957568386796E-10  -0.7056568963230378E-10
  -0.2109333033037668E-09  -0.4282936240705684E-09
  -0.4721391255989370E-10   0.2589405884954359E-10
   0.9399417548761378E-10   0.4237137200583040E-09
  -0.1991469858829613E-09   0.2221897063665654E-09
  -0.1442137592812714E-09  -0.3392986794093630E-09
   0.2407230647120483E-09  -0.2634055864728280E-09
   0.2195145663221616E-09   0.2636832583768593E-09
  -0.4107801285212331E-10   0.7993380200013135E-10
  -0.1327823919034108E-09  -0.2036358981874325E-09
  -0.7291733109084317E-11   0.1702399640784023E-10
   0.1324524143778329E-09   0.2453595935286751E-09
   0.4039259717342892E-11  -0.5120870533512896E-10
  -0.2431128820760032E-09  -0.3105666865287325E-09
  -0.2074311277422395E-09   0.2201682087383371E-09
   0.1667155054006885E-09   0.3700842836668917E-09
   0.1700196322543237E-09  -0.1610957668896772E-09
  -0.9681868340130928E-10  -0.3419047265801413E-09
  -0.1085306340618483E-10   0.7546749013412502E-11
   0.1597961830498151E-09   0.2796304429528312E-09
   0.7120351837087226E-10  -0.3593051582374259E-10
  -0.1256347843752797E-09  -0.1854718328264604E-09
  -0.1399510925482464E-09   0.8531782855198262E-10
   0.2942569078972566E-10   0.3197518183866737E-10
   0.1507238008039884E-09  -0.1338383338776788E-09
  -0.1809952228823525E-10   0.4844097297920183E-10
  -0.2270263963953027E-09   0.2387027982698792E-09
   0.1809017383305893E-10  -0.5809213199297059E-10
   0.3276451176225171E-09  -0.3408241208409813E-09
   0.5252814507393171E-10   0.2708348838547652E-10
  -0.2422258353405490E-09   0.2559457834293747E-09
  -0.7553981719877207E-10  -0.2310646454828461E-10
   0.1178520526330310E-09  -0.1188099587558364E-09
   0.6919708866679051E-10   0.5199386017590892E-10
  -0.4838837163810845E-10   0.2101987134450981E-10
  -0.1135966980658646E-09  -0.1209975273523191E-09
  -0.5360194529158947E-10   0.8226004232808509E-10
   0.1330710434632511E-09   0.1945812888053079E-09
   0.1256605760321825E-09  -0.1294620817436484E-09
  -0.9398588044773139E-10  -0.1956338648073086E-09
  -0.1170323889445553E-09   0.1082696365527078E-09
   0.5812803172595829E-10   0.1553843584599153E-09
   0.7772160113565370E-10  -0.6933942324284701E-10
  -0.5552248525342259E-10  -0.1164878934833826E-09
  -0.7448941584439411E-10   0.5957415774380366E-10
   0.4913084386194430E-10   0.6449274445140174E-10
   0.1085590773946411E-09  -0.8209664565005599E-10
  -0.1133622748819877E-10   0.2278980989049994E-10
  -0.1506512725557578E-09   0.1293636058357656E-09
  -0.3493658730067808E-10  -0.9664282612856158E-10
   0.1692432681943254E-09  -0.1700912140774983E-09
   0.5164467567912250E-10   0.1200233702769518E-09
  -0.1835769063902423E-09   0.1980026512130865E-09
  -0.7056783620236945E-10  -0.1118022603492287E-09
   0.1650982751446051E-09  -0.1864674207640927E-09
   0.1089929298511305E-09   0.4644627323844598E-10
   0.4101254041781842E-11   0.2353913747377416E-10
  -0.6924988432537067E-10   0.3198977254383328E-10
  -0.1665301015399456E-09   0.1660121060203862E-09
   0.9327592761646863E-11  -0.2591213529461108E-10
   0.1869986199648613E-09  -0.2295072718480284E-09
  -0.4988256364121900E-10  -0.4808607734161601E-10
  -0.2398760603005952E-09   0.2715238487338909E-09
   0.4652358829481075E-10   0.1001128732563954E-09
   0.2482354320520496E-09  -0.2384921233149068E-09
   0.5126950556987826E-10  -0.7254455685695276E-10
  -0.7194647278900251E-10   0.5787817175410467E-10
  -0.6297852040741119E-10   0.1716098828843659E-10
  -0.6902540880975789E-10   0.8481596980436898E-10
   0.1612229212692652E-10   0.5468987282089470E-10
   0.2558574878607434E-10  -0.5867455085574512E-10
  -0.6899375259329083E-10  -0.1191403771022865E-09
  -0.4622845352264582E-10   0.5574699676620340E-10
   0.8595145692996394E-10   0.1209882366359573E-09
   0.1130962868416510E-09  -0.8515378245213547E-10
   0.4847874911802009E-11  -0.6720394473117556E-10
  -0.2339419665086241E-10   0.4738012319471033E-11
  -0.5864932237971099E-11  -0.4986241785488418E-11
   0.1199779511521665E-10  -0.7541482880824876E-11
  -0.3183356155962172E-10   0.4329463033223405E-10
  -0.1282664961655550E-09   0.1125109117697134E-09
  -0.2889810773282947E-10  -0.7942911303190796E-10
   0.1428599674369247E-09  -0.1416266825241047E-09
   0.6860998752796313E-10   0.8733892085963440E-10
  -0.8001936410049538E-10   0.1017190798158995E-09
  -0.2837990611911492E-10  -0.6917623367078364E-10
   0.1063223037765618E-09  -0.1168108094910671E-09
   0.5878390018700062E-10   0.4228501301255455E-10
  -0.4245005605803290E-10   0.4943316964295869E-10
  -0.9571823269875318E-10   0.3751851458758003E-11
  -0.1588883550770435E-09   0.1422704160293303E-09
   0.1481085341921818E-10  -0.3186701877011363E-10
   0.2002143874143768E-09  -0.2056788610063028E-09
   0.1550360889421208E-10   0.4729434370802824E-10
  -0.2045986987085877E-09   0.2323023761876465E-09
   0.1386225963459981E-11  -0.2645075420868100E-10
   0.2507366230946515E-09  -0.2669313173257615E-09
   0.6851322099242986E-10  -0.1408110154616228E-10
  -0.1078584576350306E-09   0.1271247660046493E-09
  -0.8814278306620150E-10   0.7800492003115087E-10
  -0.1468132373092087E-09   0.1321513326315437E-09
  -0.7224015204618446E-11  -0.9122882657996652E-10
   0.1935103801156808E-09  -0.2266300057810103E-09
  -0.4744780804325050E-11   0.3263820264898665E-10
  -0.2216761550448277E-09   0.2675307564508543E-09
   0.4607809720780207E-10   0.2978183553124303E-10
   0.3072633638965466E-09  -0.3130720498662985E-09
   0.6253472761252588E-10  -0.5428728076819122E-10
  -0.1276502070882116E-09   0.1241797310330691E-09
  -0.1019057523385828E-09   0.2862386572037446E-10
  -0.1019388362567523E-09   0.9754287623749794E-10
   0.2715914782431766E-10  -0.1282526763778031E-10
   0.1409985536162663E-09  -0.1636193825956181E-09
  -0.3973038476441299E-10  -0.1856948431743290E-10
  -0.1892767091997377E-09   0.2117413525150845E-09
   0.5710178255990495E-10   0.2049380082414202E-10
   0.3012407238228474E-09  -0.2958641476720379E-09
   0.6109235509279434E-10  -0.7938166907383689E-11
  -0.1678666717717709E-09   0.1777140574964603E-09
  -0.9326021856054417E-10   0.1994545119449916E-10
  -0.3922212105964906E-10   0.1278585973995627E-10
   0.6394649888795371E-11  -0.5654326570832862E-10
   0.7709325604280571E-10  -0.8650761711885887E-10
  -0.2024056048844956E-10   0.6819954198717122E-10
  -0.1759801805374414E-09   0.2094226933097593E-09
   0.4118636154669314E-10  -0.1192401871012789E-10
   0.2787602226627217E-09  -0.2972688375541866E-09
   0.3418168037211723E-10  -0.3415075913528870E-10
  -0.1751465412758126E-09   0.1936945618708099E-09
  -0.5786399423192169E-10   0.7183682540313793E-10
  -0.1113175966956722E-10   0.1301583556882714E-11
   0.8082916519670010E-11  -0.6240798858028382E-10
   0.6168372022958901E-10  -0.8659317030546175E-10
  -0.4275198122058316E-10   0.2103550104884451E-10
  -0.1593438526056764E-09   0.1875493521907157E-09
   0.5498066826464854E-10   0.2055950009476448E-10
   0.2587700514532801E-09  -0.2632517273759912E-09
   0.3481426742101139E-10  -0.3705030685593789E-10
  -0.1308359490314547E-09   0.1289217528099138E-09
  -0.5215033441775590E-10  -0.3378450185795970E-11
   0.1021618032700570E-10  -0.1098497179683546E-10
   0.1148040663429844E-10   0.1421582849027135E-10
   0.9098443855590957E-01  -0.6235719463559007E-01
  -0.1404492648846183E+00  -0.3453449529731902E+00
  -0.6904434366123952E-02  -0.1499284174518749E+00
  -0.2091153204886454E+00  -0.1874275219701318E+00
  -0.5492525123588492E+00  -0.1002846983003362E+00
   0.4854853897829010E-01   0.3973792073902855E+00
   0.2005903685556097E+00   0.7426893296152760E-01
   0.1100352146953885E-01  -0.1369885982129331E+00
  -0.3257446883528450E-01  -0.1468799169891871E-01
  -0.4583095871169695E-02   0.2317756283040151E-01
   0.3466949247266680E-02   0.1646961009800876E-02
   0.6905818338877343E-03  -0.2439747107868866E-02
  -0.3025664496948259E-03  -0.1401688781922677E-03
  -0.7169827541517033E-04   0.1846251747476215E-03
   0.2254276824197752E-04   0.1540179132250427E-04
   0.6666011142581920E-05  -0.9270307587811572E-05
  -0.7612896518860897E-06  -0.1335655783616893E-05
  -0.3447081132706356E-06   0.2056460148992088E-06
   0.6022746542704706E-07   0.9982540031142663E-09
   0.5463760326216690E-08  -0.2221103819228757E-07
  -0.1123699788502760E-07   0.2349149722514287E-08
   0.6888379457145947E-08   0.1629654918671429E-07
  -0.2145227724351222E-07   0.1848258100959677E-07
  -0.1965528973817433E-08  -0.9321398466948185E-09
   0.1329223537809720E-07  -0.8626255186767386E-08
   0.9018171831220617E-08  -0.2689711471809774E-08
   0.1043568800710613E-07  -0.1010826303347814E-07
  -0.1274924039003828E-07  -0.7341065711451178E-08
  -0.1047368653357745E-07   0.1030715894655167E-07
   0.1703826713749058E-07   0.1439067127810322E-07
  -0.4570023891164564E-08   0.5858408124045099E-08
  -0.6953793944155918E-08  -0.4384511001189599E-08
   0.6758503458816768E-08  -0.1054566284664915E-07
  -0.1375108449335850E-07  -0.9491070687094298E-08
   0.2222860020343272E-08  -0.2462232505046252E-08
   0.1168472374791932E-07   0.7886994544673794E-08
  -0.7237135943955340E-08   0.8374582947866232E-08
  -0.3463456567134013E-08   0.2415829183770539E-09
   0.3123445508082729E-09   0.9101534915467127E-10
   0.4024977618097445E-08  -0.6670313061796350E-09
   0.6466237972004030E-08  -0.6007205662163295E-08
  -0.2742002427730312E-08  -0.2718451095713703E-08
  -0.2106779022454694E-08   0.1567383514998882E-08
  -0.2272957347027295E-09   0.1690721250908108E-08
  -0.2960281001195134E-08   0.4222283378879464E-08
   0.6349222206617806E-08   0.3059340222134539E-08
   0.2155335697391760E-08  -0.2661448640160775E-08
  -0.7916269171564207E-08  -0.4575062127048309E-08
   0.7701182521800458E-09  -0.1895474523820836E-08
   0.2493795062275868E-08   0.1921559622989053E-08
  -0.2381308087491960E-08   0.2591553582716189E-08
  -0.1058142589401850E-08   0.3644735624186762E-09
   0.6613544167410053E-10  -0.5356459823191377E-09
  -0.1094880290328010E-08  -0.1144861334103581E-08
   0.1611824034605997E-08  -0.1125090641009048E-08
   0.3038755755736328E-08   0.7492334756086473E-09
  -0.1086062807909950E-09   0.4356619020046326E-09
  -0.1730721931285649E-08  -0.4712496511167261E-09
  -0.8335097976591164E-09   0.1357958739347721E-08
   0.3599941151235319E-08   0.1453141408109631E-08
   0.9397032388328257E-09  -0.8104105172704067E-09
  -0.2481724829343868E-08  -0.1339121582603899E-08
  -0.1064090711431345E-09  -0.6468803875350260E-09
  -0.9933293592386185E-09   0.2368930415898568E-10
  -0.8406674112415087E-09   0.7411913617874131E-09
   0.5649502340816533E-09   0.4391004492924603E-09
   0.3312261664484948E-09  -0.6024626158983640E-09
  -0.1395753677575436E-08  -0.6910831840627808E-09
  -0.1165480968316282E-09   0.3019703212889385E-09
   0.2157746797123109E-08   0.1047613830766733E-08
  -0.2679544901164511E-09   0.4585162268569476E-09
  -0.1374571819711851E-08  -0.6547031771903722E-09
   0.4925428637612665E-09  -0.6159523280713953E-09
   0.3169432743346848E-09  -0.4549015444237656E-09
   0.9871423176189821E-09  -0.5610261800115969E-09
   0.1933659282247488E-08   0.8825081653632582E-09
  -0.1264954385517743E-08   0.1527981278780635E-08
  -0.9710830323513150E-09   0.1416460031282659E-09
  -0.1844117438464064E-09  -0.7184793780351744E-10
  -0.2356652616634962E-09  -0.4578264807300534E-09
   0.1199824850818224E-08  -0.1649895840230623E-08
  -0.1265432216569429E-08  -0.6243732668335202E-09
  -0.8358015104337209E-09   0.6573755142436297E-09
   0.4957716503748949E-09   0.9910161122098231E-09
  -0.1191939912657571E-08   0.1388897698593163E-08
   0.3588622349662730E-10  -0.1795731901173563E-09
   0.1632124468407474E-08  -0.1793143212420667E-08
  -0.3878769013575899E-09  -0.8413249738624112E-09
   0.1761923060926503E-09   0.1031982747531773E-09
   0.1217971297171614E-08   0.6697266992612615E-09
  -0.7073562941610351E-09   0.1189662778586528E-08
   0.9859132505504283E-09   0.7362275523188470E-09
  -0.2515399965805060E-09   0.2777564264883204E-09
  -0.1024363875578837E-08  -0.7107520799439755E-09
   0.1089624074958694E-08  -0.1679615701077560E-08
  -0.1352170450119247E-08  -0.7921532540041728E-09
  -0.3540573623964108E-09   0.2761463905968181E-09
   0.1077377649322655E-08   0.1017991526665861E-08
  -0.1172160804614295E-08   0.1352218028672301E-08
  -0.3166224023328061E-09   0.1095278827176147E-09
   0.5062566721131997E-09  -0.6663846029975916E-09
  -0.3955726501023926E-09  -0.7418057603239738E-09
   0.1034621084709203E-08  -0.1085576731962831E-08
   0.3262552511751480E-09   0.4946889274169191E-10
  -0.8109882615179572E-09   0.1124385329335535E-08
   0.7781127397577897E-09   0.7532577460934528E-09
  -0.4049841526778957E-09   0.6444951659539294E-09
   0.2053753977539556E-09  -0.1313075788438823E-09
   0.9471483974727873E-09  -0.1203423457134021E-08
  -0.1174061236436411E-08  -0.8449356079819239E-09
   0.8240019029395916E-10  -0.2386821434407234E-09
   0.5395258216759880E-09   0.6107555292812943E-09
  -0.1073072803770002E-08   0.1236757261114340E-08
  -0.6770199459759720E-10   0.1819422156198708E-09
   0.4756179691425450E-09  -0.6000149708705390E-09
  -0.1748961100498708E-09  -0.3919393240365677E-09
   0.3673291953597622E-09  -0.4212948164174371E-09
  -0.4250882058446415E-10   0.3055903409302358E-10
  -0.4498267198296843E-09   0.4568313266296913E-09
  -0.1221007224809823E-09   0.1195964722246601E-09
  -0.1858740083449718E-10   0.1760529281669769E-09
   0.8490541057851402E-09   0.1915767168522819E-09
   0.3690906390322869E-09  -0.3703166101045644E-09
  -0.6871902076157764E-09  -0.3149659497514620E-09
  -0.2433289010121814E-09   0.1622339475640840E-09
   0.1267683843041625E-09   0.1621677718207775E-09
  -0.2087268038195869E-10   0.4206414042624678E-10
  -0.1852435476694316E-10  -0.9484994302523994E-10
   0.2356758725195678E-09  -0.2890370691262842E-09
  -0.8635302964165822E-10  -0.3157152947505369E-10
  -0.2471238659033110E-09   0.3331916898050095E-09
   0.3649733693443284E-09   0.2494270155690637E-09
  -0.2046765031711451E-10   0.3635121766877040E-11
  -0.4594496394144293E-09  -0.2805475237795854E-09
   0.2757862706253414E-09  -0.3246628733761503E-09
   0.2643015900147987E-09   0.1239052836563193E-10
  -0.4453047504322664E-10   0.1290669153416692E-09
   0.2177799513338172E-09   0.2684296609685619E-09
  -0.4386378935302622E-09   0.4450608915179104E-09
  -0.3041331177128196E-09  -0.3982891979816625E-10
   0.2538692141569492E-09  -0.4036993398180762E-09
  -0.4049663696217578E-09  -0.4470249947489922E-09
   0.5042910933381324E-09  -0.5478961921363999E-09
   0.4194382674681415E-09   0.2161420996877435E-09
  -0.6435399474711774E-09   0.8754643644726048E-09
   0.3890503604204159E-09   0.4130072081823455E-09
  -0.6148900781744281E-10   0.1042733618106297E-09
  -0.2032180979083149E-09  -0.2927090187588514E-09
   0.6119837808174358E-09  -0.7531675821803975E-09
  -0.2888236163567564E-09  -0.2743782497845723E-09
  -0.1654089971793039E-09   0.1215297999636390E-09
   0.6611413854278935E-10   0.3011955817449547E-09
  -0.5536307707074519E-09   0.6536319455023772E-09
   0.2991841796488885E-09   0.2130904139703717E-09
   0.2921342830472525E-09  -0.3851515242208841E-09
  -0.5910414410394995E-09  -0.4676268199351596E-09
   0.3293410957976957E-09  -0.4437171796665320E-09
   0.1351206665434645E-09   0.8453856472250534E-10
  -0.3923169843129738E-09   0.5289298775716768E-09
   0.3188601242179320E-09   0.2806434588794450E-09
  -0.3074810313262467E-10   0.1050355306543568E-09
  -0.5077157441150618E-11  -0.1515629560754820E-09
   0.3993099272205450E-09  -0.4029555295826973E-09
   0.9264384478077681E-10  -0.5672983961472296E-10
  -0.1386533478460943E-09   0.1236046065205447E-09
  -0.2688200169465100E-09   0.1919542214087183E-10
  -0.1796783540779292E-09   0.1865429918022511E-09
   0.2633798041980489E-09   0.1024319259633110E-09
   0.1722603778107349E-09  -0.1842402181298986E-09
  -0.1784010502137206E-09  -0.1193818706522710E-09
  -0.4715667920002927E-10  -0.2509587771153803E-10
  -0.1169993339855382E-09   0.7450199412685692E-10
  -0.2351314344472839E-09   0.2253433017506234E-09
  -0.1491027779403322E-09  -0.1505257922305901E-09
   0.4608125019027703E-09  -0.4659203360778851E-09
   0.4046468266504578E-09   0.9192777800849899E-10
  -0.3045285344207411E-09   0.4556392013009379E-09
   0.1117853322375974E-09   0.2074347787892767E-09
  -0.1287453634193057E-09   0.1003923115120069E-09
  -0.2355717409339210E-09  -0.1363116822890606E-09
   0.2567537749229468E-09  -0.3480457740913236E-09
  -0.1813441850150723E-09  -0.2334117351102057E-09
   0.1825043726964317E-09  -0.2524016617440015E-09
  -0.8621981042588193E-11   0.1115938353190499E-09
  -0.4862867176380708E-09   0.6362850469035416E-09
   0.4959590556768575E-09   0.3199796165087699E-09
   0.1441364544521505E-09  -0.1391324390174336E-09
  -0.3848065704727577E-09  -0.3281505820389283E-09
   0.3135472486505473E-09  -0.3986156538962714E-09
   0.3504515477057821E-10  -0.3006150438272078E-10
  -0.1868807301051653E-09   0.2290969676663360E-09
   0.1386381867692783E-09   0.2325085060686877E-09
  -0.2810921037143127E-09   0.3035864288654117E-09
  -0.1054838741714330E-09  -0.4721193438963292E-10
   0.2907421746723301E-09  -0.3675150343749890E-09
  -0.1143478854965001E-09  -0.1758696261755324E-09
   0.6330384376698740E-10  -0.1067815164672874E-09
  -0.9293439961102273E-10   0.3825274236008328E-10
  -0.2500400807559725E-09   0.3182082609217206E-09
   0.2890633807169953E-09   0.1609053755166504E-09
   0.1108599452547175E-09  -0.4395130389263199E-10
   0.5747926228354249E-10  -0.9093608978981257E-10
   0.1705797341211132E-09  -0.1880127975243165E-09
  -0.7699836301488165E-10  -0.7895754840438904E-11
  -0.2104775054700519E-09   0.2056777855553234E-09
  -0.1120291891769744E-09  -0.1681469806262500E-10
   0.1395070628540930E-09  -0.1639243445938040E-09
   0.1478402243667024E-09   0.2847149311142053E-10
  -0.7033616165674439E-10   0.8370303276638618E-10
  -0.9888449838592831E-10   0.2644107078156760E-10
  -0.9719142210644535E-10   0.4968660016609284E-10
  -0.1084773521195454E-09  -0.1424540317188017E-10
   0.3648990357215966E-10  -0.5996335599009952E-10
  -0.5311349169695861E-10  -0.1176258544725215E-09
   0.2138926578327690E-09  -0.2214481839312036E-09
   0.1367441386731718E-09   0.6530187901935410E-10
  -0.2573708084579616E-09   0.3781814437703582E-09
   0.2955478494697228E-09   0.2183315791873196E-09
  -0.1472387811449909E-10   0.8085758925085222E-11
  -0.3327890281203123E-09  -0.2238975031111056E-09
   0.2622408245662900E-09  -0.3452722363496044E-09
   0.1787364852114773E-10  -0.5986201867481755E-10
  -0.7410438213296665E-10   0.7857405348576547E-10
  -0.1186381580049194E-10   0.1089255063888408E-09
  -0.2262152954724084E-09   0.2700490219381143E-09
   0.1610631647969785E-09   0.9662192626088735E-10
   0.1314321258694792E-09  -0.1351519925906459E-09
  -0.1386100842982643E-09  -0.1707522217673244E-09
   0.1696989499350927E-09  -0.2250177631248976E-09
  -0.2754001285486656E-10   0.3725482474124546E-10
  -0.2805709833751721E-09   0.3206054324322872E-09
   0.3232829251498378E-10   0.5911277235430308E-10
   0.1473243138962273E-09  -0.1451974606862113E-09
   0.1468948340028827E-09   0.1569534522358651E-10
  -0.4663819695581342E-10   0.5275387602051688E-10
  -0.1687157543570079E-09  -0.3123491342545222E-10
  -0.3017465011017343E-10  -0.4046901033350780E-10
  -0.1653197066417641E-09  -0.7158248449378762E-10
   0.5799979721878570E-10  -0.4242607271856217E-10
   0.2081897252260924E-09   0.1917400166763583E-10
   0.9415667948823469E-10  -0.5398305752523588E-10
   0.6194509643398732E-10   0.7191483606478994E-10
  -0.2265128356437355E-09   0.2960537072027219E-09
   0.9719574055901809E-10   0.5717324942837451E-10
   0.1771145844098938E-09  -0.2131675854636196E-09
  -0.1775551174878143E-09  -0.1682049638504038E-09
   0.8130205390701523E-10  -0.1209514728513050E-09
   0.2890038319224425E-10   0.6716265041502180E-10
  -0.2159205862734820E-09   0.2228689458032167E-09
  -0.6914347817980654E-10   0.3865913953195221E-10
   0.4002253986001392E-10  -0.4910085659521912E-10
   0.8879428878618564E-10  -0.1785145167411747E-10
   0.9586944253767850E-10  -0.1092501453689927E-09
  -0.1387081372643750E-09  -0.7509161624767577E-10
  -0.3885848341595416E-10   0.3907335370961398E-10
   0.1193407785523198E-09   0.9143561231376086E-10
  -0.7532887211340220E-10   0.1305020540570526E-09
   0.5331581877796824E-10  -0.2539396835098349E-10
   0.1812130687564779E-09  -0.1872127631475289E-09
   0.6004872985161613E-10   0.2654452798049462E-10
  -0.1846400062031284E-09   0.1962912298601792E-09
  -0.1542450875032637E-09  -0.2412918001149776E-10
   0.9994433506774324E-10  -0.1615634323933399E-09
  -0.4674260837461781E-10  -0.6798725380871072E-10
   0.3032445792722057E-10  -0.1002316450316715E-10
   0.1247557037686581E-09   0.5545699250966071E-10
  -0.5439248946068295E-10   0.7030957400450543E-10
  -0.8898333366301166E-11   0.6815158749829219E-10
  -0.1313645723303848E-09   0.1515913298971815E-09
  -0.2482960451237008E-10  -0.6906823116975349E-10
   0.2833108985497946E-09  -0.3335705039406432E-09
  -0.2463787133858693E-10  -0.4579764827730754E-10
  -0.1861293756649704E-09   0.2098946739547125E-09
   0.9098827393323667E-11   0.9596520112569239E-10
  -0.5221429011747172E-10   0.4893495276155676E-10
   0.5950244989202996E-11  -0.2166623772933147E-10
   0.1092924728941947E-09  -0.1132824117303528E-09
   0.3733918080848221E-11  -0.4818467384763588E-10
   0.2351890863686273E-10  -0.4926596338094614E-10
  -0.1074163172167552E-09   0.4295826175025593E-11
  -0.1348241072154223E-09   0.1665057649305638E-09
   0.1244024712680991E-09   0.1979278207670909E-10
   0.1990458971177292E-09  -0.1746158622538485E-09
   0.1311343710065778E-09   0.2142746087912533E-10
  -0.1301895547346970E-09   0.1571741291781222E-09
  -0.9358250347196412E-10   0.3173685218538383E-10
  -0.4017431121796675E-10  -0.3395061346452002E-11
  -0.1054412209740504E-09  -0.7024531977965687E-10
   0.1226866166786168E-09  -0.1619981090646997E-09
  -0.2937162472175188E-10  -0.5225706524946494E-10
  -0.1660548500437073E-10   0.1344751211890730E-10
   0.5026438074217576E-10   0.1000096581977940E-09
  -0.1948791930698116E-09   0.2466347792166339E-09
   0.8559577431884184E-10   0.3562452694458920E-10
   0.1818734866983824E-09  -0.2016165667321948E-09
  -0.6968142193874293E-10  -0.9885618413817743E-10
   0.7086961476836065E-11  -0.2162492617751182E-10
  -0.4529714671640355E-10   0.1260417737805553E-10
  -0.7885420865969106E-10   0.8756429736278978E-10
   0.6571361483372833E-10   0.4862485503172271E-10
   0.1321997958304119E-10   0.1185945916753780E-10
   0.6556393043031070E-10  -0.2243577046724496E-12
   0.5001891201934125E-10  -0.6887424848904960E-10
  -0.1214015568302857E-09  -0.3945757053889080E-10
  -0.6253983017502363E-10   0.4932976380534523E-10
  -0.7291070064688670E-11  -0.6242844582053246E-11
   0.7473584486940986E-10  -0.7205365022927803E-10
   0.6228582342659855E-10  -0.1949955144696359E-11
  -0.1558443856160797E-10   0.4808445760330480E-10
   0.9642402898713363E-10   0.8025180353177237E-10
  -0.9834557532502531E-10   0.1064217203467512E-09
  -0.9750305482689141E-10  -0.2851764730921969E-10
   0.7692830530585481E-10  -0.1231236307340136E-09
  -0.7958529410371608E-10  -0.7675471435432362E-10
   0.4782361551376839E-10  -0.7203289259741473E-10
  -0.6034204161903439E-11   0.2265222258598921E-10
  -0.1103369489894125E-09   0.1328209073838900E-09
   0.6171096709241264E-10   0.5496206711537683E-10
   0.2324012761908855E-10   0.6301828944253598E-11
   0.9014692473296850E-10  -0.4181121111437338E-11
   0.7323999075043971E-10  -0.7576122763253794E-10
  -0.7575966404753075E-10  -0.3120132694570617E-10
  -0.6164613457654263E-10   0.4703910874029579E-10
  -0.5739888916091767E-10  -0.1539168887096761E-10
   0.4682824042596381E-10  -0.4418101815620445E-10
   0.1026818170124097E-09   0.1867011440305255E-10
   0.2401516546933947E-11   0.1552254320499110E-10
   0.3300831109306537E-11   0.3569232236895587E-10
  -0.8894527914531289E-10   0.8176882226100181E-10
  -0.1071435436206151E-09  -0.5301604349977922E-10
   0.1210160215694576E-09  -0.1377631676826317E-09
   0.8310928693761469E-10  -0.1540841440777002E-10
   0.5231334807589276E-12   0.1819054556574059E-10
   0.1267098914980410E-10   0.5724669081410769E-10
  -0.1371634516502660E-09   0.1506956463327509E-09
  -0.1508288830372414E-10   0.7524969934489037E-11
   0.9918571414132465E-10  -0.1114913318718178E-09
   0.2485267779752892E-10  -0.3821656183616283E-10
   0.2643342709987042E-10  -0.5549341717429122E-10
  -0.1403620391560893E-09  -0.1565452239476323E-10
  -0.1183569156635941E-09   0.1110612227494443E-09
   0.2591392271707155E-10   0.1194252032825623E-10
   0.1106169963639598E-09  -0.8830500557806436E-10
   0.1482753162643953E-09   0.1614915880502843E-10
  -0.1228382129142157E-10   0.3799101299624126E-10
  -0.3544473541740443E-10   0.3192841446126195E-10
  -0.1041110312303516E-09   0.1017057088221982E-09
  -0.4700571043288426E-10  -0.2823103712207828E-10
   0.1327586230335514E-09  -0.1592519508840512E-09
  -0.2001214296233747E-11  -0.4684342968810705E-10
  -0.1143169622907857E-10   0.1714562048693233E-11
  -0.4586869786530905E-10   0.3468283420540061E-10
  -0.1214149180006567E-09   0.1383972596540826E-09
   0.5760161622114104E-10   0.2227700061625716E-10
   0.1156773390058733E-09  -0.1046140683880611E-09
   0.6708685912915842E-10  -0.1598499677283563E-10
  -0.9719742461932985E-11   0.6743818969944419E-11
  -0.9848386301341635E-10  -0.2082944671434358E-11
  -0.7957426914495486E-10   0.7153332601470890E-10
   0.2107231779322499E-10   0.9702491213617730E-11
   0.7473882939614122E-10  -0.7940675824986092E-10
   0.1904064147685165E-10  -0.1316860450980560E-10
  -0.2311013439943748E-10   0.1101319964992130E-10
  -0.7568625159001187E-10   0.8780650607296549E-11
  -0.7117393636009711E-10   0.7018017301643886E-10
   0.1864974239755017E-10  -0.9279109120869804E-11
   0.1130673494331516E-09  -0.1114056100049912E-09
   0.5048287907920479E-10  -0.1129718395439616E-10
  -0.3527163312332194E-10   0.5526538560716347E-10
   0.1467918738149393E-11   0.3092239943811196E-10
  -0.4433761580020160E-10   0.5983130510994143E-10
   0.4940183209554513E-10   0.1141227789209203E-10
   0.6127389784858385E-10  -0.6569277376958962E-10
  -0.2755660812575486E-10  -0.2393215854573883E-10
  -0.2206081429270327E-10  -0.8058432234814105E-11
  -0.1353394379793935E-09  -0.3770842766368955E-10
  -0.9821179901886065E-11   0.3284209331996614E-11
   0.8943812636921602E-10   0.1783375680735727E-10
   0.4902839294093268E-10  -0.2121935830402310E-10
   0.8437982178515792E-10   0.4119028978249206E-10
  -0.7647459239930258E-10   0.9462997351748064E-10
  -0.4653267514328415E-10   0.2358940547304903E-11
   0.2374401935238228E-10  -0.3735494772461369E-10
  -0.4982165142008936E-11  -0.3286620166383008E-10
   0.5895804676082674E-10  -0.8262573955527587E-10
  -0.6746928037308137E-10  -0.1808415659798460E-10
  -0.7525851865825068E-10   0.6718379663875166E-10
  -0.9839379562182080E-11   0.2143127304493485E-10
   0.9297954027711274E-11   0.7554347278990838E-11
   0.9810744231283579E-10   0.1257658547760140E-10
   0.5093494016113556E-10  -0.3895092039302695E-10
  -0.1382306694554470E-10  -0.8728318100471557E-12
  -0.6078124515917523E-10   0.6105705308030873E-10
  -0.4658942642356042E-10  -0.1602993044262986E-10
   0.5718540166271872E-10  -0.6068536066753701E-10
   0.6413021125735900E-10   0.1137993423748840E-11
   0.2287257125395231E-11   0.3497688734939087E-11
  -0.2696998154431999E-10   0.1734734446167963E-10
  -0.7256884847157633E-10   0.6575779168620107E-10
  -0.4402558160878344E-10  -0.1339380225940723E-10
   0.6332276228032768E-10  -0.7034148677958029E-10
   0.5027205530617223E-10  -0.8235490687801034E-11
   0.8457008128695096E-11  -0.1082799279641508E-10
  -0.5731607876957678E-10   0.7156827586625229E-12
  -0.6746984180649776E-10   0.7502018115343917E-10
   0.5454464919434282E-10   0.2693852028070070E-10
   0.4888756239423794E-10  -0.3955186432848836E-10
   0.3344578190992957E-10  -0.1785962530519751E-11
  -0.1196227191938443E-10  -0.3084296441572664E-11
  -0.1082899196585841E-09  -0.2192542154908578E-10
  -0.3474378520011057E-10   0.1986057619120406E-10
   0.1108771056321011E-10  -0.6905521785679319E-11
   0.6407632696855918E-10  -0.6087055458140691E-10
   0.5000553857825198E-10   0.1133304024937275E-10
  -0.4540636068382268E-10   0.6034357832151918E-10
  -0.1486353253088902E-10   0.1483651669220342E-10
  -0.9319500264184932E-11   0.1888726890464576E-10
   0.5067568049754617E-10   0.1461310432554019E-11
   0.5408989447996298E-10  -0.5569011621746967E-10
  -0.2305263968446450E-10  -0.1040226765758232E-10
  -0.4642732772161242E-10   0.2956318461932677E-10
  -0.9286883532771317E-10  -0.2353116487020641E-10
   0.1733926457728173E-10  -0.2066344406515688E-10
   0.8778548764141084E-10   0.1573904224320152E-10
   0.2766572492099230E-10  -0.1219757279558280E-10
   0.3722855543520920E-11   0.1046221369634038E-10
  -0.5308492827499773E-10   0.5965268874141551E-10
  -0.8787758658311748E-11   0.6364622438180442E-11
   0.2742505302916791E-10  -0.2599801902159223E-10
   0.2965677985729560E-10  -0.1080207205009738E-10
   0.3013740762216490E-10  -0.4385615144399304E-10
  -0.6728720606803691E-10  -0.1006669294196973E-10
  -0.6737741229858319E-10   0.6019464714898441E-10
  -0.1566761455509890E-10  -0.3025812653410290E-11
   0.5825966822000636E-10  -0.5392775640936028E-10
   0.8878315874691856E-10   0.2246611443121481E-10
  -0.2938561619111617E-10   0.4016363788386788E-10
  -0.6655836963895222E-10  -0.1106032854475761E-10
  -0.8080502173302596E-11   0.1485653119561663E-11
   0.2789655239674017E-10  -0.8534318899978029E-12
   0.3832286133217782E-10  -0.3015533174112722E-10
   0.2415977425722048E-10  -0.1769743182703854E-11
  -0.1077009340513468E-10   0.4713906516322002E-11
  -0.4275253495478780E-10   0.1142500595934490E-10
  -0.5887606457935766E-10   0.6175721001034860E-10
   0.3287670899508501E-11  -0.1807728682769314E-10
   0.1064801614182195E-09  -0.1159369642526736E-09
   0.4296164714157883E-10   0.1570826693864378E-10
  -0.1002273015857514E-09   0.1070834707901838E-09
  -0.1116235237135920E-09  -0.3487843254250609E-10
   0.7662258409057274E-10  -0.8061450221415377E-10
   0.1678921350533078E-09   0.5191152713447398E-10
  -0.4508931844076158E-10   0.7579369384974013E-10
  -0.7196622168389110E-10  -0.1647190906994653E-10
   0.1311777176559009E-10  -0.4580788533046626E-10
  -0.3091288849088518E-10   0.4897748509222029E-11
  -0.5139263066190404E-10   0.5527910551185202E-10
  -0.1883489061781769E-10  -0.3576286283548497E-10
   0.1245044849531515E-09  -0.1579204882709207E-09
  -0.1145037487298033E-10   0.1612328018296605E-10
  -0.1746633615036110E-09   0.2117106736879824E-09
   0.2151364053329498E-10   0.9693658389032596E-11
   0.1639129716207650E-09  -0.1685475672947088E-09
   0.1224529556522211E-09   0.3677402004908017E-10
  -0.1367761275894889E-09   0.1627132102916855E-09
  -0.1510457457630880E-09  -0.4978648679897588E-10
   0.1164926211650321E-09  -0.1682947190663751E-09
   0.3292196416436666E-10   0.3928452904886575E-11
  -0.8881862292517189E-10   0.1206257188821907E-09
   0.7323908761866658E-12  -0.6519960836262429E-11
   0.1051976742937988E-09  -0.1326211691623885E-09
  -0.1127188949566797E-10   0.6721128265224118E-11
  -0.1361199352596393E-09   0.1918158624328508E-09
   0.1269326098508580E-09   0.4197018548081926E-10
   0.1519877728282975E-09  -0.1801564086689952E-09
  -0.1099195939553325E-09  -0.4865061307921886E-10
  -0.1347745023010678E-09   0.1453954365748881E-09
   0.1602492860458476E-10   0.1528714134398872E-10
   0.1164557570184677E-09  -0.1485237391463368E-09
  -0.4579555136375577E-10  -0.3284500752669942E-10
  -0.8082593435501615E-10   0.1067057806214214E-09
   0.9341388489072817E-10   0.6188585871141001E-10
   0.1615338555092937E-10  -0.2517463574001115E-10
  -0.1036172053779790E-09  -0.5450160822840973E-10
   0.1507989894038359E-10  -0.5438694696121035E-11
   0.1519678122062416E-09   0.6268153927445782E-10
  -0.1998173063519020E-10   0.1065622969295441E-10
  -0.2096498889847778E-09  -0.8001991782064052E-10
   0.1509835383040654E-10  -0.2978255688212207E-10
   0.1605441277251164E-09   0.6421904017274534E-10
  -0.1741441878847084E-10   0.3914829429482579E-10
  -0.8108848523642640E-10  -0.3724665765789490E-10
   0.2852811614174856E-10  -0.4716071325206474E-10
   0.3151848410694317E-10   0.2387758148868853E-10
  -0.5726534406521577E-10   0.8446365445480943E-10
   0.3319196703264549E-10   0.1669675283556194E-11
   0.8563746753669027E-10  -0.1127824020834314E-09
  -0.8224522402997996E-10  -0.3320504318017484E-10
  -0.8126045838997239E-10   0.9788818990487508E-10
   0.7864631392820201E-10   0.3818217026533730E-10
   0.6217452624578364E-10  -0.7155667995653950E-10
  -0.5243656866720543E-10  -0.2689945243169205E-10
  -0.4786381374315612E-10   0.5797929231084704E-10
   0.4967295270848151E-10   0.2778956859632901E-10
   0.2904116018655310E-10  -0.3915621217255224E-10
  -0.7360551428532392E-10  -0.4338445913078006E-10
   0.6431691325992474E-11  -0.1725055335325239E-11
   0.1005997085805228E-09   0.5248588598937904E-10
  -0.3812520966867259E-10   0.4217803887294191E-10
  -0.1131966788062868E-09  -0.4975863177384912E-10
   0.4936049464512186E-10  -0.5751811738650585E-10
   0.1232571409282208E-09   0.4887270738999618E-10
  -0.5041043598715617E-10   0.6365875901844892E-10
  -0.1033358286314479E-09  -0.3170619033162180E-10
   0.3013738155810355E-10  -0.5901856843314688E-10
  -0.5444785847761988E-11  -0.1492438957850029E-10
   0.2864885167068777E-11   0.2107067407979658E-10
   0.1053836479560692E-09   0.4202835446698963E-10
  -0.6015341855096745E-11   0.2248110150681646E-12
  -0.1246590726304521E-09  -0.3839523972772092E-10
  -0.2295105138128272E-10   0.3451788558645655E-10
   0.1580874268496543E-09   0.5564261010917159E-10
   0.3982074413407659E-10  -0.4630969094175917E-10
  -0.1600491395650997E-09  -0.6942304183396598E-10
  -0.2005339157322603E-10   0.8723464368429967E-12
   0.4979437703925427E-10   0.2883863035989646E-10
  -0.1649763404999120E-11   0.2115700400890964E-10
   0.3829952875173334E-10   0.4500414271043203E-11
   0.2414978886878004E-10  -0.2578436844767659E-10
  -0.1923706561824716E-10   0.2584711011829769E-11
  -0.5108045716710359E-10   0.6348026262427735E-10
   0.3350995109130224E-10   0.1309356187274432E-10
   0.5198578259490141E-10  -0.6948641805260808E-10
  -0.6987458804702156E-10  -0.3708670645544602E-10
  -0.2499632559057952E-10   0.1970498184305829E-10
   0.1984703360145294E-10   0.1919995880256100E-10
  -0.2103749983695145E-11   0.2669298640867832E-11
  -0.1223366328514530E-10  -0.1065266461006373E-10
   0.1286701544777960E-10  -0.1437354789831379E-11
   0.8167871432735228E-10   0.3885651180667966E-10
  -0.3114562755410565E-10   0.3492539418993359E-10
  -0.9258817138992602E-10  -0.3899159459465386E-10
   0.3806630353157742E-10  -0.5302976926006868E-10
   0.5799203273087735E-10   0.2066883895202637E-10
  -0.3004145517771094E-10   0.3451811481798174E-10
  -0.6827333557236956E-10  -0.2371079459681183E-10
   0.2383986949124138E-10  -0.3812300289086510E-10
   0.2190466660460317E-10   0.1957142756954382E-11
  -0.9488442091761396E-11   0.3783215061548979E-10
   0.9942555553056252E-10   0.4505413730242939E-10
  -0.7316060186832470E-11   0.1266838479772998E-11
  -0.1339125526348532E-09  -0.5689390618163359E-10
   0.1775395248470076E-10  -0.1893769556822992E-10
   0.1402614941457918E-09   0.5373484781123860E-10
  -0.1198500749519792E-10   0.9505390324701199E-11
  -0.1607913313112727E-09  -0.5905571779697902E-10
   0.4744035455641345E-11  -0.2441409300556219E-10
   0.6546386174441332E-10   0.1638215171493747E-10
   0.1745788926158176E-10   0.1314715152919679E-10
   0.9026498668150231E-10   0.3922291760277158E-10
  -0.3029732837413739E-10   0.2619038053154622E-10
  -0.1279322644119747E-09  -0.4257289914387377E-10
   0.9530292598629687E-11  -0.6556851629802008E-11
   0.1511952799889383E-09   0.5119300779353066E-10
   0.1350033905594372E-10  -0.2448442558117531E-10
  -0.1952938891234468E-09  -0.7584545748328712E-10
  -0.1195005147626439E-10  -0.1014204728499676E-10
   0.8544133298279812E-10   0.3888257754368852E-10
  -0.2578711749962305E-11   0.3308646459321292E-10
   0.6053474735426214E-10   0.2222892858567862E-10
   0.2321406497197438E-11  -0.1093504150228894E-10
  -0.9478451952226332E-10  -0.3353108147505583E-10
  -0.1318662488012375E-10   0.2281188042825347E-10
   0.1314968278578144E-09   0.5307197720761337E-10
   0.1181744187846505E-10  -0.2709164498137207E-10
  -0.1936194945441310E-09  -0.8116190076968576E-10
   0.4768311442033150E-11  -0.2204089368617184E-10
   0.1100149323806472E-09   0.4286288867904404E-10
  -0.4589299972404606E-11   0.3171070343139674E-10
   0.2053079773090614E-10   0.1470213680372102E-10
  -0.1561771646768161E-10   0.1063569086532184E-10
  -0.5642470870013641E-10  -0.2486528289426592E-10
   0.2117223365561503E-10  -0.1020411514229310E-10
   0.1173661079823668E-09   0.3876496849117979E-10
  -0.6281557632396901E-12  -0.1169172836158054E-10
  -0.1786154158200853E-09  -0.6532673472677069E-10
  -0.8122133923352365E-11  -0.3618019968956727E-11
   0.1136481609903182E-09   0.4023781615162561E-10
   0.1867947283189621E-10   0.2802691865457834E-11
   0.8887849309689041E-12  -0.8877795967269602E-12
  -0.1800506633201993E-10   0.1198449732526519E-10
  -0.4310247318857994E-10  -0.1080191692540292E-10
   0.1182171611379301E-11   0.1209159724793016E-10
   0.1072436720762242E-09   0.3688056152975361E-10
   0.1289965204606528E-10  -0.2713497666545667E-10
  -0.1650880647198292E-09  -0.6482022721487080E-10
  -0.1001199666752866E-10  -0.2731109697065638E-11
   0.9416717362503138E-10   0.4668003564425414E-10
  -0.8611353368444542E-11   0.2078304899184872E-10
  -0.1482112247488557E-10  -0.1192733505122633E-10
   0.8080445271091196E-11  -0.8417096831938060E-11
