   0.2571008631342349E-10  -0.2575951863528240E-11
  -0.2734639628276999E-09  -0.8141051452756680E-09
  -0.4023288568664063E-10   0.1453625865234205E-10
   0.1695474330087136E-09   0.5529599653360583E-09
  -0.1922684184801081E-11   0.5593862145690262E-11
  -0.2824702306679171E-09  -0.5663951429609512E-09
   0.2817173906822896E-10  -0.1231605678299555E-10
   0.2218456775785610E-09   0.8781472525492842E-09
   0.2164308315420972E-10  -0.2007300030879822E-10
   0.2695397492807673E-09  -0.7900118140629760E-09
  -0.3493703062765678E-10   0.1350687105088684E-10
  -0.2872545023656942E-09   0.4831537796461579E-09
  -0.1947737010422745E-10   0.2797275535502411E-10
  -0.2778024506015646E-09  -0.6998267377343422E-09
  -0.8199904912510417E-11  -0.1777486186568863E-11
   0.4676217183041348E-09   0.5525311642663057E-09
   0.1575443300551545E-10  -0.2146498294682974E-10
  -0.2049407362071233E-10  -0.3421402929775972E-09
   0.3888829794247768E-10  -0.7254206352593150E-11
  -0.2334960580746695E-09   0.6629319341064852E-09
  -0.2271941502848160E-10   0.1034296137412805E-10
   0.6378326202896154E-10  -0.7324177516048630E-09
  -0.1952993258766603E-10   0.5794755778526706E-11
  -0.4201337805338632E-10   0.6308894411482910E-09
   0.3652659757399945E-10  -0.8997475994181502E-11
  -0.2762051013710745E-10  -0.4437138915507088E-09
  -0.6370558324376411E-11  -0.5815165925095207E-11
   0.3246321845819769E-09   0.3478556082725527E-09
  -0.3035400877475585E-10   0.1273850568730146E-10
  -0.5112053816667219E-09  -0.3990982121771376E-09
   0.3621448718991359E-10   0.1150527136040576E-11
   0.9632486561991568E-10   0.5884498517028677E-09
  -0.5857493020336370E-11  -0.1544989926086678E-10
   0.4448419781003303E-09  -0.5966420511034286E-09
  -0.7769953015781756E-11  -0.2526315570821100E-11
  -0.2726785676005593E-09   0.5392162588290000E-09
   0.1423734269160880E-10   0.1544453083163837E-10
  -0.2293231454466297E-09  -0.5917717881726743E-09
  -0.5426014899123964E-10   0.1292752951067041E-10
   0.4243023609385532E-09   0.1755984204410481E-09
   0.8865977896328694E-11  -0.5533501523005310E-11
  -0.3607002922983063E-09  -0.5959114935179661E-10
   0.5848604702845969E-10  -0.1657383111042726E-10
   0.1607609516821797E-09   0.5156951516166599E-09
  -0.1875842065105262E-10  -0.9143910153301849E-11
   0.2640671418024623E-09  -0.5330397265184373E-09
  -0.1430016950880275E-10   0.1202371478026796E-10
  -0.4504109768219202E-09   0.3762726645001123E-09
   0.6557278398209788E-11   0.1486154776378355E-10
  -0.2073150651744199E-10  -0.4127155519877786E-09
  -0.2550746169710346E-10  -0.5369246630126188E-11
   0.4816596845430861E-09   0.2336906198680188E-09
   0.1975874059800178E-10  -0.1092902621663814E-10
  -0.3906119685431933E-09  -0.5987828217427749E-10
   0.3096166251925358E-10  -0.1060337086359870E-11
   0.5933923996555199E-10   0.2973245359073072E-09
  -0.3842383072309180E-10   0.3730771340561873E-11
   0.1892312184480009E-09  -0.4947462809370201E-09
   0.3987881458690318E-11   0.2184606289596211E-11
  -0.1812908740506862E-09   0.3817986129122022E-09
   0.8267819772423586E-11   0.4572782944195367E-11
   0.2071686100225506E-10  -0.4076205775315234E-09
  -0.3275508542854103E-10   0.3171321777488702E-11
   0.2575632338118477E-09   0.1731809903599212E-09
   0.9633292064417390E-11   0.1486382773275792E-11
  -0.4154782453943701E-09  -0.1095230129687914E-09
   0.2503662517595053E-10  -0.4711696865194754E-11
   0.1806056391365904E-09   0.3812773419535482E-09
  -0.2799109078390130E-11  -0.1287907981856181E-10
   0.1563150382903049E-09  -0.2453625814781384E-09
   0.1701216011136494E-10  -0.4599122394091571E-11
  -0.1719387380797726E-09   0.3013122845233313E-09
  -0.8678081502109640E-11   0.1309093941404792E-10
  -0.4300102516994707E-10  -0.4628313028001242E-09
  -0.4668406558762564E-10   0.1491499151381287E-10
   0.4493561733274303E-10   0.1855907211866233E-09
   0.3238352115921064E-10  -0.8191091256362605E-11
  -0.1209550804059498E-09   0.9780606273558317E-11
   0.2741138230458957E-10  -0.1817582424241814E-10
   0.3330829372430157E-09   0.2400697074886559E-09
  -0.1782022401081830E-10  -0.1676209765436374E-11
  -0.1454121901416130E-09  -0.2704081878113434E-09
   0.1968545587675275E-11   0.1440459012963625E-10
  -0.2259526550924504E-09   0.1487960012631021E-09
  -0.2527409767294667E-10   0.1095180745957621E-10
   0.2117612362577373E-09  -0.3942264220326088E-09
  -0.8210183214181848E-11  -0.5079411954935658E-11
   0.5033105159284473E-10   0.3566472525296049E-09
   0.3782597532969357E-10  -0.9938424802342295E-11
  -0.1813146298303482E-09  -0.9099592106906852E-10
  -0.3308020683221012E-11  -0.2394731817400968E-11
   0.2066255987166230E-09   0.1751266231152926E-09
  -0.1408249873615479E-10   0.3385896704994538E-11
  -0.2224770409702981E-09  -0.1916928107728625E-09
   0.2443256890725563E-10  -0.9697917691855599E-12
   0.3299978231161257E-10   0.2789620300239397E-09
  -0.1496116489047734E-10  -0.1662859362276023E-11
   0.2209413644303696E-09  -0.3943770041393028E-09
  -0.1528369079729646E-10   0.4898717407759146E-11
  -0.2155305942726054E-09   0.2876440196876620E-09
   0.2049431526212710E-10   0.3807429296099051E-11
  -0.5804769062113629E-10  -0.2340185607546935E-09
  -0.2156014322188447E-10  -0.2117914509656698E-11
   0.2697458080293762E-09   0.1901982631962230E-09
   0.1610849292506779E-10  -0.8150760636593955E-11
  -0.1445444359449536E-09  -0.1146254968812671E-09
   0.1251061027842339E-10   0.1238419582819782E-11
   0.9919683444144690E-11   0.1258107993212503E-09
  -0.3957998334646975E-10   0.1096185231521906E-10
   0.8934431798482017E-10  -0.3774960078355198E-09
   0.4594573207817159E-11   0.4319209520055996E-11
  -0.2283824014937527E-09   0.3342059642398652E-09
   0.1850562411255082E-10  -0.6465761533866655E-11
   0.2092192642374085E-09  -0.1948139949069623E-09
  -0.6403099194052934E-11  -0.8663134664748075E-11
   0.3159467389630028E-10   0.2995273124404625E-09
   0.1996940496533055E-10  -0.2309579839050830E-11
  -0.1683537449305416E-09  -0.1980579484164507E-09
  -0.8394030435960729E-11   0.7122684258612626E-11
   0.8451058039137452E-10   0.8754907007996438E-10
  -0.3224937610815832E-10   0.8259982826229783E-11
  -0.2147725909626425E-10  -0.2584957130066038E-09
   0.3127205297604455E-10  -0.4813394310123282E-11
  -0.1190614781458568E-09   0.3931031910504289E-09
   0.1384884734149089E-11  -0.7835201708414026E-11
   0.2681483112747403E-09  -0.2779420188459986E-09
  -0.3919927637588049E-11  -0.2853119193415248E-11
  -0.1699245548246866E-09   0.3005731771582235E-09
   0.1256237751124444E-10   0.4741981151796934E-11
  -0.5257394460231880E-10  -0.3069615158016791E-09
  -0.2572511316801991E-10   0.7207716951780441E-11
   0.1230156715598897E-09   0.1162805624480406E-09
  -0.5792818565939300E-11   0.4502737462241333E-12
  -0.6661921888112501E-10  -0.1383717742650598E-09
   0.3029892053750864E-10  -0.6382049117325115E-11
  -0.1695137490737280E-10   0.2477164840122987E-09
  -0.2224276015576408E-10  -0.2220242737768285E-12
   0.1617370242423009E-09  -0.2364345856257643E-09
   0.1128680534323552E-10   0.3083013583652305E-12
  -0.2793101437449546E-09   0.2734370992168271E-09
   0.9859550984209080E-11  -0.6705198763462514E-12
   0.1854327394686937E-09  -0.2107918806036312E-09
  -0.1965669346654692E-10  -0.4165734515323327E-13
   0.6411204841552814E-10   0.7786829026510364E-10
   0.4703295119391377E-11   0.3042128496323276E-11
  -0.2374298083903656E-09  -0.5061433852015980E-10
   0.1268825198108377E-10   0.7556499352066529E-12
   0.1825068325341499E-09   0.2900202571505863E-10
  -0.3398940517495439E-10   0.1528060320542110E-11
  -0.8768132577348795E-10  -0.7492114250143662E-11
   0.5498867422089325E-10  -0.1208167329923225E-10
   0.3513933363231595E-10   0.2011553256102809E-09
  -0.2419581818748656E-10   0.4060712851430612E-12
   0.8476694240965533E-10  -0.2427938461852526E-09
  -0.1638983378419428E-10   0.8465932897207379E-11
   0.1489597335096743E-10  -0.2079291664208600E-10
  -0.1869132911232239E-11   0.1150668758446941E-10
  -0.3742778552686545E-09  -0.5932161209417616E-10
  -0.7818737869153304E-11  -0.2307387613673868E-11
   0.5979618344754988E-09   0.1519875985633945E-10
   0.9462314213310529E-11  -0.1152518071456413E-10
  -0.5098824015579398E-09   0.1794514034399270E-09
   0.4062220695117929E-10  -0.8973771177419893E-11
   0.4737956184716623E-09   0.2430887957815061E-11
  -0.4889594092477439E-10   0.1205410438597153E-10
  -0.4638808226413647E-09  -0.2014550721092958E-09
   0.9522958525643040E-11   0.6882567350398062E-11
   0.3015899319984406E-09   0.1102415240509090E-09
   0.2311927523334224E-11  -0.4602130245663048E-12
  -0.3545156995355447E-09  -0.8267838886808687E-10
  -0.2691241634876950E-11  -0.9603165011157191E-11
   0.5434165754446300E-09   0.2663364205043749E-09
   0.4171973458865791E-10  -0.1075028030486449E-10
  -0.5613265622767809E-09  -0.1051041947708240E-09
  -0.3235245462819829E-10   0.8936957537441335E-11
   0.4559503230195367E-09   0.4671828712943448E-10
   0.1403389666670667E-12   0.6523514986003948E-11
  -0.4232131863265736E-09  -0.2245208563926631E-09
  -0.1059409000501566E-10   0.3009808367223528E-11
   0.2557151033658097E-09   0.2231371005630069E-09
   0.2280926493142174E-10  -0.9673949884793139E-11
   0.6088695474003792E-10  -0.1938807217079644E-09
  -0.2662435262646376E-10   0.2450772289964824E-11
  -0.1919348736422893E-09   0.2378871498480149E-09
   0.4349012811138192E-10  -0.3530083320570067E-11
   0.2127045047845834E-09  -0.2283694824140798E-09
  -0.6416018621704895E-10   0.1222276757078076E-10
  -0.2383389813916423E-09   0.4600713885243409E-10
   0.4711672318907320E-10  -0.6190814572717889E-11
   0.2482682466891873E-09   0.9264254422818626E-11
  -0.2197895596566740E-10   0.8760576024430264E-12
  -0.2626174730504452E-09   0.1774262891227546E-10
   0.7377089262389871E-11  -0.4095194617900048E-11
   0.3809388567345713E-09   0.5419434013591002E-11
   0.1242876359549714E-10   0.3619796651336446E-12
  -0.4973173153548960E-09   0.2956855583880735E-10
  -0.2468894808893212E-10   0.5577390847748161E-11
   0.4589015748700237E-09  -0.8616534731270121E-10
   0.2171578702735197E-10  -0.4752292614235149E-11
  -0.3522078687619654E-09   0.1122737845338138E-09
  -0.1368399100634542E-10   0.1099507588538615E-11
   0.2591451522112511E-09  -0.1209479992840560E-09
   0.1252715300896866E-10  -0.1363921132733475E-11
  -0.1328451397513248E-09   0.1433152628147981E-09
  -0.1844342967561880E-10   0.4536239620513480E-11
  -0.6178508532596589E-10  -0.1733074191917336E-09
   0.2710562893365580E-10  -0.5920903196346498E-11
   0.2126395942554494E-09   0.2209166851907807E-09
  -0.3215703053256349E-10   0.3792507756424839E-11
  -0.2405217765507675E-09  -0.2485629163673519E-09
   0.3615875429762946E-10  -0.4852045850790370E-11
   0.2323749303284235E-09   0.2773860249741013E-09
  -0.3390226302386926E-10   0.7058108635942511E-11
  -0.1753148739775885E-09  -0.3997328557301522E-09
   0.1123274444007403E-11   0.2908938953121654E-11
   0.3444501863490295E-10   0.3945888260786686E-09
   0.3252080925805599E-10  -0.8312413703855420E-11
   0.5018982829479740E-11  -0.2349745629688972E-09
  -0.3831423603960045E-10   0.9337553902368947E-13
   0.1388746167500743E-09   0.1719361610567784E-09
   0.4807933524004296E-10  -0.4810939430913203E-11
  -0.2094902362793558E-09  -0.5923096442475828E-10
  -0.4768158549311389E-10   0.1296906634908994E-10
   0.8338302483453614E-10  -0.1306669671078457E-09
   0.1236555187703844E-10  -0.1600481206939222E-11
  -0.4655384364601543E-12   0.1448516869279718E-09
   0.1554440667622930E-10  -0.6268377067052013E-11
  -0.6234314882420826E-10  -0.2637866865342643E-10
  -0.6875542974150472E-11  -0.3958830942656466E-11
   0.2202591335326096E-09   0.7191546106215358E-10
   0.9223930149514935E-11   0.9009124846811476E-12
  -0.2576421676013627E-09  -0.9296916759741822E-10
  -0.2051181912767168E-10   0.9694681290328511E-11
   0.1066296348140934E-09  -0.5250974415682889E-10
   0.2526168087827049E-11   0.1380371541684849E-12
   0.3621069937601493E-11   0.3273649625315773E-10
  -0.9497951182568372E-12  -0.3672080402336939E-11
  -0.3625896740820620E-10   0.2611779799380711E-11
   0.2385024188819396E-10  -0.7565684509455390E-11
   0.1512813357407394E-09   0.1290024864973066E-09
  -0.2757744895739993E-10   0.5966332900637518E-11
  -0.1847917437995438E-09  -0.2291987612689246E-09
   0.1626526029187198E-10   0.2384753672641494E-11
   0.8907805996093908E-10   0.1798876959552310E-09
  -0.2170804754415796E-10   0.4751827129370397E-11
  -0.4697859387866276E-10  -0.2388999119439551E-09
   0.9529780735530777E-11  -0.4465295437418877E-11
   0.3837437428350213E-11   0.3110709180288890E-09
   0.3009176089253044E-10  -0.9752722864594881E-11
   0.8510944976214610E-10  -0.1240674021031515E-09
  -0.3886105492672191E-10   0.5835502774739736E-11
  -0.8087687170083995E-10   0.2798285676774314E-10
   0.4077287515447198E-10  -0.1801727717765730E-11
  -0.2334199968324501E-10   0.1465789113540920E-11
  -0.5024101717290850E-10   0.1108082205260878E-10
   0.5343715387312260E-10  -0.1913939040685913E-09
   0.2265087704548224E-10  -0.4270091254067974E-11
  -0.1334921082214995E-09   0.3045086356427064E-09
   0.2829183226913252E-10  -0.1110757133847940E-10
   0.2171661295036816E-09  -0.1163406942674341E-09
  -0.3942533803182910E-10   0.2626217978246857E-11
  -0.7724316410893528E-10   0.1753601133869116E-10
   0.4528297437590546E-10  -0.4334836062717444E-12
  -0.1090213739259568E-09   0.3069901080015589E-10
  -0.6080744820969957E-10   0.1526664044974913E-10
   0.1080935379452852E-09  -0.3009753232999832E-09
   0.2456318061921651E-10  -0.5452213593672103E-11
  -0.8079873361727293E-10   0.3592280944934248E-09
   0.2035360011370471E-10  -0.8984376761012961E-11
   0.1312724804086869E-09  -0.2007887429275033E-09
  -0.2852819170647052E-10   0.1264818822455677E-11
  -0.2032071379929636E-10   0.1529789796212079E-09
   0.3749225771218954E-10  -0.1221191389904870E-11
  -0.8907672483346385E-10  -0.1391141236101303E-09
  -0.5881392382279592E-10   0.1559649634415547E-10
   0.4721818542367422E-10  -0.1051735011830359E-09
   0.3327962804718880E-10  -0.5870931322677604E-11
  -0.7659106221015516E-10   0.2078084585929805E-09
   0.6715732962828909E-11  -0.8215868174015751E-11
   0.1966007108382142E-09  -0.1028542101252813E-09
  -0.1514617266454454E-10  -0.2646711076409334E-12
  -0.1489859008947938E-09   0.1311649516332588E-09
   0.3603383814881871E-10  -0.1273388279371093E-11
  -0.1765182107426552E-10  -0.6163716937077024E-10
  -0.5596590963953955E-10   0.1216407932171102E-10
   0.7045459424971537E-10  -0.1695858412541143E-09
   0.3533426213231818E-10  -0.5427797856960084E-11
  -0.1441753910330146E-09   0.2875179770980947E-09
   0.2231080604959623E-11  -0.4943383843223577E-11
   0.1933432891661721E-09  -0.1922488812169006E-09
  -0.1327573696039003E-10  -0.1757878661559572E-11
  -0.8498574997488982E-10   0.1970984220174919E-09
   0.3251298269523318E-10  -0.1816418396597680E-11
  -0.3983011735398409E-10  -0.1428256901872500E-09
  -0.5121042886363647E-10   0.1256154952794765E-10
   0.5710227133822601E-10  -0.7828457372892640E-10
   0.2500187543589520E-10  -0.4620554995743767E-11
  -0.1056658033014172E-10   0.7518500151115710E-10
  -0.1528610881913888E-11  -0.1566678154404227E-11
  -0.4935476709011977E-11   0.3630042367180141E-11
   0.2621916141178511E+00   0.2527963891073751E+00
   0.1205259121291031E+01   0.4357399899880583E+00
   0.6252027110545247E+00   0.9954658315873116E-01
   0.1077514433535502E+01  -0.1125141135450036E-01
   0.3807659535307128E+00  -0.9025433935130105E+00
  -0.8300552445672430E+00  -0.3297068655759822E+00
  -0.3108250932770954E+00   0.2578837301120312E+00
   0.1783497322759927E+00   0.1018735294656637E+00
   0.7674904143057076E-01  -0.3126816163420423E-01
  -0.2165922071265780E-01  -0.1656217701817864E-01
  -0.1195541259450969E-01   0.3594487954451046E-02
   0.2486784127843435E-02   0.2816880421637130E-02
   0.1841303594800092E-02  -0.5846993528766162E-03
  -0.2361230155406214E-03  -0.5952715701242995E-03
  -0.2824926135843999E-03   0.2787239163598675E-04
  -0.7194012504925587E-05   0.9078609134491794E-04
   0.3031211632022991E-04   0.1010650472271807E-04
   0.5402600018194495E-05  -0.7673046171080450E-05
  -0.1680924842175631E-05  -0.1998494508831920E-05
  -0.6601125416609645E-06   0.2538616568579049E-06
  -0.3477489638170226E-08   0.1594867392257317E-06
   0.2550662244410124E-07   0.5006256177862414E-08
  -0.1034163873323690E-07  -0.5255341666408717E-07
   0.4958771664368437E-08  -0.7852401942882134E-08
   0.1122721080175485E-08   0.3025737257278243E-07
  -0.2346622361988846E-07   0.3072874129945700E-07
   0.1128748422704731E-07   0.2213205448370830E-07
   0.2411390222446030E-07  -0.1956562572124819E-07
  -0.1150189123042955E-07  -0.2276210593981937E-07
  -0.2854875564882965E-07   0.1396335362064967E-07
  -0.9869277048753198E-08  -0.8112272731663659E-08
   0.1335756631148081E-07  -0.8337342832863387E-08
   0.2051757891858561E-07   0.1137453141026211E-07
   0.2354712485724982E-07  -0.1402742338003420E-07
   0.2368729659504495E-08   0.5629788067960418E-08
  -0.1936669573645259E-07   0.1335680650305172E-07
  -0.1108677003138588E-07  -0.1546398772971962E-07
   0.6671282319660677E-08  -0.1085780642980213E-07
  -0.6025390520456886E-09   0.3794880414084927E-09
  -0.8712209240659779E-08   0.1229208813047528E-07
   0.4599965773518618E-08   0.1540859552980727E-07
   0.3610579592500669E-08  -0.8385090686913152E-09
   0.1249533165802815E-09  -0.5765962577339122E-08
   0.9700415885906722E-09  -0.4819320425542405E-08
  -0.7083022887652637E-08  -0.5523064420932846E-08
  -0.1033602692186374E-07   0.9458939586300168E-08
   0.3564099697589121E-08   0.4556653390035807E-08
   0.1302485313523817E-07  -0.9858709710387207E-08
   0.4306307921699228E-08   0.9471118831000636E-09
  -0.3183662296901477E-08   0.2381766028425770E-08
  -0.2951182916850750E-08  -0.4924237496749645E-08
   0.2420280301274766E-08  -0.3626154134340532E-08
   0.1615329210882009E-08  -0.4796661280248125E-09
   0.1291671692138227E-08  -0.1917386709953862E-09
  -0.1144532310258730E-09   0.4240748597222752E-08
  -0.5627963033351889E-08   0.6072300485517866E-08
  -0.1042122117054831E-08  -0.2665965051384886E-09
   0.2390815629445515E-08  -0.3658223231400836E-08
  -0.2310061467521584E-08  -0.1717609203703728E-08
  -0.6001375382579674E-08   0.5845143157618571E-08
   0.2907533587669413E-09   0.2471791241209712E-08
   0.4094374607333398E-08  -0.3174461446110347E-08
   0.2355127190899091E-08  -0.8878909174872659E-09
   0.2211345676087056E-08  -0.2450938081789422E-08
  -0.4569279851442299E-09  -0.1801418783412893E-08
  -0.4962970628218814E-09   0.5083982717239000E-09
   0.1049837481032057E-08   0.5564288849449835E-09
   0.2184680062144100E-08  -0.2022457462410590E-08
  -0.6991863266218000E-09  -0.1345101293582712E-09
  -0.3433048414561459E-08   0.3066170156670797E-08
  -0.8039662848825992E-09  -0.4603985796548642E-09
   0.1926509291335593E-08  -0.2010806380710753E-08
   0.1003406506769295E-08   0.8232251636678940E-09
  -0.1060342659229839E-08   0.1860484071820917E-08
  -0.6363994586585233E-09   0.2748465017536819E-08
  -0.3225522722478261E-08   0.2767262214261010E-08
  -0.1852145452654145E-08  -0.2907336306828158E-08
   0.1790844149650327E-08  -0.2881517050500390E-08
   0.6622779276421116E-09  -0.5952279724027707E-09
   0.5378257048740180E-09   0.6434097156457033E-09
   0.2339175850158301E-08   0.2671896684200254E-08
   0.2285461543630738E-08  -0.1673106150536802E-08
  -0.1979325248900281E-09  -0.2072668455166128E-08
  -0.2788632265898231E-09  -0.1109404111602490E-08
  -0.1542074067668374E-08  -0.2676811449849622E-08
  -0.1815399578865697E-09   0.5311495729242277E-09
   0.1811096415328936E-08   0.3748790036963352E-08
   0.1413783869673245E-10   0.1001760771882800E-08
  -0.5915770081100594E-09   0.4603301613679545E-09
  -0.2188983294888632E-08   0.1390601610885919E-08
  -0.2192670167162248E-08  -0.1333712796543405E-08
  -0.1516144384166035E-08   0.6830184799596623E-09
  -0.2243761171986235E-09  -0.5906997401023003E-09
   0.1638284360983839E-08  -0.8228593618261393E-09
   0.2747693467858676E-08   0.2196044625279026E-08
   0.2281834992021856E-08  -0.1464778874794224E-08
  -0.9764905513986966E-10  -0.8071791095399591E-09
  -0.1254709262088849E-08   0.3042449098257586E-09
  -0.1583860312018604E-08  -0.2614786952431261E-08
   0.6277994180101240E-09  -0.1097225609928995E-08
   0.9561012418240670E-09   0.1041743472669697E-08
   0.3054924344740180E-09   0.8179365542306421E-09
   0.1009006964261050E-08   0.2439685067593466E-08
  -0.7134321322214188E-09   0.6780999626020637E-09
  -0.1611301661044145E-08  -0.1793053597100650E-08
  -0.1199436114653518E-08   0.8501822039945859E-10
  -0.1089698336477970E-08  -0.7904111791864392E-09
  -0.4433343764074379E-09   0.8571611952204104E-09
   0.1604578806935750E-08   0.2060616867029173E-08
   0.1760210427481887E-08  -0.9140734326917820E-09
   0.5321052552877895E-09   0.1237874047583492E-09
  -0.5628395148946694E-09  -0.8204597266656366E-10
  -0.1365492922688040E-08  -0.2434066451328719E-08
   0.2428481353905165E-09  -0.6335000925252524E-09
   0.7022485124348315E-09   0.1067704821994029E-08
   0.1751981584582555E-09   0.5293401767299619E-09
   0.4898069108025193E-09   0.8660390767432254E-09
   0.8491104836726357E-10  -0.1694715013575096E-09
  -0.3568691301280723E-09  -0.1127728939103278E-08
   0.1950447044106049E-09  -0.6391410166164143E-09
  -0.5274204254320510E-09   0.8325174923706963E-10
  -0.1435078461376528E-08   0.1702145158376496E-08
   0.2787865509471849E-09   0.8933831355479487E-09
   0.1039310257038623E-08  -0.9992920174855571E-09
   0.1069639390621530E-09  -0.6863823870585857E-09
  -0.1031983932855977E-09  -0.4784494651579679E-10
  -0.8744681138976269E-10   0.1053876252605014E-10
   0.1219761650908754E-10   0.1868315710195966E-09
   0.3315613402513145E-09   0.5115101172090732E-09
   0.1146367376041024E-09  -0.1586505903518494E-09
  -0.4552285216312293E-09  -0.5257253789748998E-09
  -0.5250449210246434E-09   0.3318286071628107E-09
   0.4192924629936954E-10  -0.6547364053511556E-10
   0.6470236679544837E-09  -0.4946708222382296E-09
   0.3871043845588751E-09   0.5990414451628556E-09
  -0.4701223069649600E-09   0.6415561538805928E-09
  -0.3423685791894864E-09  -0.1063282622809601E-10
  -0.2313758013122977E-09  -0.1059035145308498E-09
  -0.3645597746493280E-09  -0.1045809310775720E-08
   0.5660619792187057E-09  -0.6595488982985063E-09
   0.7171411342783231E-09   0.4880751246911730E-09
   0.5302216059152706E-09   0.7736606182028975E-10
   0.5032532834917286E-09   0.1200616327291764E-08
  -0.6965910982151139E-09   0.5214942061337316E-09
  -0.1222438703679612E-08  -0.1409969382712418E-08
  -0.5791592635506266E-09  -0.5031021195954431E-10
  -0.1903263398404178E-09  -0.1288491294986697E-09
   0.2211872672232466E-09   0.2075622914022293E-09
   0.9416934353732917E-09   0.1379260011649559E-08
   0.4254376573842974E-09  -0.4529583354607102E-10
   0.9124694945806702E-12  -0.4286736249649257E-09
   0.6226899891260080E-10  -0.5741000315813640E-09
  -0.7763524747426851E-09  -0.1230030193013737E-08
  -0.3735940224347568E-09   0.2519121131188181E-09
   0.5149011758861655E-09   0.6469178985791585E-09
   0.8468061042572618E-09  -0.3536021605737365E-09
   0.6301731251136439E-09   0.6996619868209097E-09
  -0.2048877184280168E-09   0.1431166957677799E-09
  -0.7261110287393294E-09  -0.8451166791358573E-09
  -0.5008029937229000E-09   0.1029429576167515E-09
  -0.2558996665569778E-09  -0.5350305477066478E-10
  -0.1273317119695254E-09   0.3413931544942006E-09
   0.3264483482810008E-09   0.9648485872564677E-09
  -0.1992237390878034E-09   0.3844775784597221E-09
  -0.3523747140856709E-10  -0.3642064706138919E-09
   0.4779156119421837E-09  -0.7384196281452205E-09
  -0.1713132014709453E-09  -0.4240253983350535E-09
  -0.3773644928060494E-09   0.4277101756175070E-09
   0.1499813269414959E-09   0.4342593628719338E-09
   0.3096896608618050E-09  -0.1558236537647289E-09
   0.1730934936968844E-09  -0.1482652486956079E-09
   0.2718599953747796E-09  -0.4656613298882390E-09
  -0.9364909185120056E-10  -0.6063394388561302E-09
   0.1727078331158066E-09  -0.1536789582791510E-10
   0.3153276163005133E-09   0.1132455537236073E-08
  -0.7202203350717248E-09   0.7906302555361526E-09
  -0.6846677041175825E-09  -0.6518885727096211E-09
  -0.1383270441600352E-09  -0.2392320585664336E-09
  -0.3093269222542086E-10  -0.3278394072104090E-09
   0.3895178964262388E-09  -0.2504826698579288E-09
   0.5271368682057126E-09   0.5586496473547019E-09
   0.2565222721015484E-09   0.1300411337804533E-09
   0.3349237683946721E-09   0.3982021805125791E-09
   0.4759354080642083E-10  -0.3106428882939862E-09
  -0.8386080884118453E-09  -0.1074450240209376E-08
  -0.7471728733359116E-09   0.4737608685568728E-09
   0.7843013058793420E-10   0.3576784267381189E-09
   0.4997083379933814E-09  -0.1806855154347295E-09
   0.5360116300850373E-09   0.6706695877969667E-09
  -0.6250691048406631E-10   0.1720070882023212E-09
  -0.2956293042889144E-09  -0.3948960509616649E-09
  -0.1177999840911451E-09  -0.2199996962892183E-09
  -0.2922753886270429E-09  -0.6680027717360994E-09
   0.1908230249852117E-09  -0.1499771564002765E-09
   0.4571344796541060E-09   0.6666819825101023E-09
   0.1566132622759946E-09   0.1562132117853906E-09
   0.1990239341358632E-09   0.1172818396651822E-09
   0.1625257210445755E-09  -0.3362354090799410E-09
  -0.4024326794888136E-09  -0.5692344515053172E-09
  -0.4799439819344913E-09   0.3288338858670885E-09
  -0.1283575845212423E-09   0.3119158649813795E-09
  -0.1777992817244621E-09   0.3612318941303734E-09
   0.1821843595461192E-09   0.3991281367388689E-09
   0.1221739683106402E-09  -0.1735976884783131E-09
  -0.1091925941804876E-09  -0.5362330507156482E-09
   0.2021607759739985E-09  -0.2421509866756853E-09
   0.1460828543543591E-09   0.3483463146862738E-09
  -0.2160449141467978E-09   0.3109942868267576E-09
  -0.9401072305427845E-10  -0.1568387795910954E-09
   0.2135023829422590E-09  -0.3148898715443689E-09
   0.5891200575727599E-10  -0.2580019037572083E-09
   0.2147873814080865E-09  -0.2297532731380950E-09
   0.1298713800178696E-09   0.6620660204198068E-10
   0.3074963267425832E-10   0.1545522088849061E-09
   0.1672290210755164E-09   0.5093951122140864E-09
  -0.2559731266661602E-09   0.1718070131663701E-09
  -0.5712537573999112E-09  -0.5429459748983131E-09
  -0.4454349942630510E-09   0.2109159982965544E-09
   0.1040105827810152E-10  -0.4682311817720851E-10
   0.4851447309867141E-09  -0.2957520087707783E-09
   0.4754038982543530E-09   0.5749961137933841E-09
  -0.2708438938151403E-10   0.2067766696871386E-09
  -0.7340859254866651E-10  -0.1671214593495005E-09
   0.7025962898701466E-10  -0.3050520870531617E-09
  -0.3244260561816097E-09  -0.5169839513935356E-09
  -0.2425208139366786E-09   0.1706642548924380E-09
   0.1178331843792982E-09   0.3159826799633424E-09
   0.1724961792118484E-09   0.7027713773069767E-10
   0.2917801867423855E-09   0.3798968302105066E-09
   0.6544335764831678E-10  -0.1583387252747301E-09
  -0.3102042740045452E-09  -0.6729369730127691E-09
  -0.3723197746289549E-10  -0.6972924805747422E-10
   0.5967394093665570E-10   0.3842402139598927E-09
  -0.2345078701895017E-09   0.3376006426634515E-09
  -0.3676703314729899E-10  -0.1099388262713238E-09
   0.3021062599968367E-09  -0.3464214151622756E-09
   0.1989549739391616E-09  -0.1264540661274543E-09
   0.2667675840427845E-09  -0.2403484725862236E-09
   0.1486133326817838E-10   0.1481441491822709E-09
  -0.3755269961345701E-09   0.4799474304476448E-09
  -0.7966572572179322E-10   0.2608103450160064E-09
  -0.1279978872785274E-09  -0.3575689228663662E-10
  -0.3661978571894684E-09  -0.5249150822583890E-09
  -0.1627539116465709E-09   0.1060211280728418E-09
   0.2412233155710477E-09   0.4108648725772342E-09
   0.2538046483115895E-09  -0.3337956191216103E-10
   0.1888029149036928E-09   0.1750265292164009E-09
   0.7839335375165579E-11  -0.8416591091494713E-10
  -0.1865044029774168E-09  -0.5173743204635146E-09
   0.1545198099483629E-09  -0.2727585280053377E-09
   0.4186856039861071E-10   0.1040169339068732E-09
  -0.1499835956996032E-09   0.2754785521614473E-09
   0.1267071042421587E-09   0.2185244469477977E-09
   0.1975577262086765E-09  -0.1710219474331471E-09
  -0.3320326304185646E-10  -0.9872438669795699E-10
  -0.1926511705643183E-09   0.7543661627311929E-10
  -0.2117769157579958E-09  -0.1585295652773938E-09
  -0.1281676728883953E-09   0.1898890328077369E-09
   0.1258166937777324E-09   0.4503692863793563E-09
  -0.9112069529538812E-10   0.8932379895383664E-10
  -0.1431367431381501E-09  -0.4542564330421494E-09
   0.2744718671989135E-09  -0.3284799601854768E-09
   0.2522499762782707E-09   0.2086900420142797E-09
   0.6517497325655289E-10   0.5192758218094003E-10
  -0.2739636754230733E-10   0.8605174085746439E-10
  -0.1949363178806298E-09   0.1794629226958977E-09
  -0.1197724897887484E-09  -0.1092947406438480E-09
   0.3115539561545974E-10  -0.1960015263700012E-09
  -0.1321705170826615E-09  -0.3268622880987813E-09
   0.1651136376866447E-10   0.1099174984627366E-09
   0.3434630040252761E-09   0.6751646192449184E-09
   0.3341161203363160E-10   0.5326231878122946E-10
  -0.1925177735254489E-09  -0.4487433101661392E-09
   0.2791379441910304E-10  -0.2149550620182010E-09
  -0.5010457901815024E-10  -0.1202374064202999E-09
  -0.1161937184906530E-10   0.6878265340553164E-10
   0.1045374638302416E-09   0.2649016156274171E-09
  -0.1785850995623082E-10   0.1335047306490186E-09
   0.9452699102742614E-10   0.4100580461950418E-10
   0.1719120222326668E-09  -0.2873956874585520E-09
  -0.1739221601938199E-09  -0.3295587308437793E-09
  -0.2343184011171206E-09   0.2622003080545737E-09
   0.4363330688384253E-10   0.5184160083611110E-09
  -0.2361472256907960E-09   0.2758646977021590E-09
  -0.1678807857351547E-09  -0.3107112353889141E-09
   0.1844943694465871E-09  -0.3156080288959361E-09
   0.1013889589447005E-09  -0.1216221768718905E-09
   0.1889789608888667E-09  -0.8469784151463316E-10
   0.2223478289410134E-09   0.2779158744479667E-09
   0.4861605871557425E-10   0.5845891067736350E-10
  -0.1977091761326867E-10  -0.3598170450486754E-10
  -0.5393004584809206E-10  -0.1243013546498897E-09
  -0.3008634597481410E-09  -0.4465325576014305E-09
  -0.1422809451888396E-09   0.1281079393241220E-09
   0.1844998318410916E-09   0.4383137872917214E-09
   0.7759596155071789E-10   0.6822078441259853E-10
   0.7172014211887984E-10  -0.5373198735368682E-11
   0.8134478770634258E-10  -0.1459306823767328E-09
  -0.9313703465798170E-10  -0.1842718171615598E-09
  -0.9712660818784771E-10   0.4455144888978796E-10
  -0.7210500769480494E-10   0.5388701477806416E-10
  -0.1120195059213046E-09   0.1676191683999156E-09
   0.9329122965042063E-10   0.1105699587140614E-09
   0.1981249954968770E-09  -0.2098158716143640E-09
   0.1126620346736964E-10  -0.1704743542864694E-09
   0.9543977210097039E-11  -0.1020621986123198E-11
   0.4146034589058788E-10   0.1866378368179418E-09
  -0.1231501100259698E-09   0.1581554416283725E-09
  -0.1213688898679598E-09  -0.1446185503809922E-10
  -0.1400170682582145E-09   0.4472998073144977E-10
  -0.9941799478960103E-10  -0.2340480916269698E-09
   0.1722366956602505E-09  -0.1748348472237329E-09
   0.2046962247444996E-09   0.1582846672650969E-09
   0.1330844348176307E-09  -0.4794067403788627E-11
   0.1116065514028781E-09   0.1069137761901683E-09
   0.2504119066315006E-10  -0.7052478948951053E-10
  -0.1537895792212472E-09  -0.2587192851309662E-09
  -0.1032223743080580E-09   0.1460947092727360E-10
  -0.8004289362270231E-10   0.7699403501737857E-10
  -0.1701847686541459E-09   0.2380204662076101E-09
   0.6352149683351653E-10   0.1778587660431117E-09
   0.1141836791012135E-09  -0.1149187601111150E-09
   0.1540452883397967E-10  -0.1728539978537345E-09
   0.9182646033163865E-10  -0.1083215112396847E-09
   0.2160748576495209E-10   0.1206680350351290E-09
  -0.1669646298151136E-09   0.2154505487308029E-09
  -0.6313946634646347E-10   0.2723199071983617E-10
   0.6848676858149055E-11  -0.8052203369531746E-10
  -0.3075420868731133E-10  -0.2353189402142064E-09
   0.1597672334880498E-09  -0.1424871602700715E-09
   0.1414944680540807E-09   0.2864842305509611E-09
  -0.1486568820948273E-09   0.2522347699564403E-09
  -0.6285678824501047E-10   0.1942704053302066E-10
  -0.8201215560750429E-11  -0.1135118963905275E-09
  -0.1426782181408615E-09  -0.3355479788975721E-09
   0.3071054983463296E-10  -0.5851954491848128E-10
   0.1047936090396349E-09   0.2452241694560496E-09
  -0.3424758333704745E-10   0.1654484676478575E-09
   0.1110163820216135E-09   0.4992048060198284E-10
   0.2464552456948902E-09  -0.3168638799191006E-09
  -0.5316284351034973E-10  -0.3061879805947960E-09
  -0.4726817453466758E-10   0.3476077550019708E-10
   0.3411630594788989E-12   0.2945977342151229E-09
  -0.2662427624123027E-09   0.3339968268434997E-09
  -0.9164088943399506E-10  -0.1563574816668132E-10
   0.5946267240052632E-10  -0.1737911721301496E-09
  -0.5970192146873831E-10  -0.2662076624552610E-09
   0.7980389023183252E-10  -0.4643742049838318E-10
   0.1778681327273784E-09   0.3169294024136783E-09
   0.2204687153223857E-11   0.1162540149485945E-09
   0.2261485671491525E-10  -0.3363006642630655E-10
   0.9046931450004146E-10  -0.2047734268853720E-09
  -0.1390623520414720E-09  -0.2933208177130972E-09
  -0.9973647040904849E-10   0.8888331446746914E-10
   0.4026136870374790E-10   0.2996209729510400E-09
  -0.1270050697746794E-09   0.2106136987119842E-09
   0.7430130603804160E-11  -0.3154967788166684E-10
   0.1675942689861959E-09  -0.2470180624998061E-09
  -0.3113851084120865E-10  -0.2036680099091097E-09
  -0.1911768572535008E-10   0.3289406011678529E-10
   0.6078997012387641E-10   0.1924631760385154E-09
  -0.2375454631855578E-10   0.8383205207915205E-10
   0.1876950390551649E-10  -0.6454938852989350E-10
   0.1379622264222682E-09  -0.2145816101538582E-09
  -0.4105661860183368E-10  -0.1807398449192267E-09
  -0.3748860034254213E-10   0.7134297540828428E-10
   0.7221658531115692E-10   0.2837590789001229E-09
  -0.1063613118685773E-09   0.1541712799247741E-09
  -0.8144622330907076E-10  -0.8265820456236780E-10
  -0.1080814908361044E-10  -0.7868118255717010E-10
  -0.8265598408606945E-10  -0.1014411737404197E-09
  -0.7927152951205984E-10   0.9775743237134410E-10
   0.5493396899965490E-10   0.1568201639707073E-09
   0.5459962408580627E-10  -0.5784230905893133E-11
   0.8608076316807379E-10  -0.7909359536324005E-10
   0.2248203472610363E-09  -0.2503045811812556E-09
   0.1772627923107350E-10  -0.3217318019286866E-10
  -0.1513707309360868E-09   0.1833381696734564E-09
  -0.6268283239155519E-10   0.1478105728226520E-09
  -0.1453842893150301E-09   0.1081613981364690E-09
  -0.1101030881023474E-09  -0.1843325598127169E-09
   0.7415343778996562E-10  -0.1270981110228644E-09
   0.6060390221492623E-10   0.5051519655510116E-10
   0.1437644699007239E-10   0.7491937897808325E-10
   0.1165265245784076E-09   0.1361797959227718E-09
   0.1235783773707957E-09  -0.1239863846085076E-09
  -0.2663095826504280E-10  -0.1946882710817000E-09
   0.2301102481262361E-10  -0.7993752049056454E-10
  -0.4964202590760792E-10   0.3648857724948508E-10
  -0.1727535168636143E-09   0.2172201667376186E-09
  -0.4242220002539883E-11   0.1354037464761756E-09
   0.1081886432406315E-10  -0.3546161259657035E-10
  -0.3308937145140308E-10  -0.1614264294743353E-09
   0.6767863272319617E-10  -0.8018784779457967E-10
   0.4963399410275520E-10   0.1417737737126142E-09
  -0.1047893362603931E-09   0.1626029371794253E-09
  -0.1941190553084676E-10   0.1458655445558024E-10
   0.5569902760516256E-10  -0.1122534075810170E-09
  -0.2850661756842994E-10  -0.1889250376926958E-09
   0.7547665472227006E-10  -0.7845960478121856E-10
   0.6511310440125647E-10   0.1574849013145024E-09
  -0.8280193440165890E-10   0.1519524382195884E-09
   0.1364882751768720E-10   0.1887984981269528E-10
   0.9162033695210761E-10  -0.1510674814876699E-09
  -0.7137383436840269E-10  -0.1670879207511540E-09
  -0.8526864309066243E-10   0.7146600877560369E-10
  -0.2312153509413709E-11   0.1366347778979272E-09
  -0.5039052725717121E-10   0.9176905997137112E-10
   0.4003246899964814E-10  -0.4124128589517323E-10
   0.1851715650143330E-09  -0.2206103324887695E-09
   0.2739678579854226E-10  -0.9910329481121254E-10
  -0.1408281396150639E-10   0.4807026199249174E-10
   0.2992589726634859E-10   0.1679908503408986E-09
  -0.8794889389173458E-10   0.9806943737907707E-10
  -0.7654680976162100E-10  -0.1087335110730468E-09
   0.1487307867245924E-10  -0.7974496146442511E-10
  -0.3668857647423444E-10  -0.1976318470471662E-10
  -0.8708879073038122E-10   0.1261613426529755E-09
   0.4116830203071141E-10   0.1394539101810810E-09
   0.4350355960477614E-10  -0.3033541707767934E-10
   0.2710900197000967E-10  -0.1326765974800599E-09
   0.1537120766427023E-09  -0.1784679733184920E-09
   0.2212070489120623E-10   0.4234982443081803E-10
  -0.1443912397559121E-09   0.1860908233938629E-09
  -0.3214482062194174E-10   0.8242640142491639E-10
  -0.1443860473466511E-10  -0.2030915406618361E-10
  -0.5653664321135346E-10  -0.1346268863653757E-09
   0.1121462694935839E-10  -0.4004058016152706E-10
   0.1519229987731123E-10   0.7174562336354876E-10
  -0.4528465910796458E-10   0.1058665545273313E-09
   0.6159816788404377E-10   0.6992876598523989E-10
   0.1181339452159843E-09  -0.1455198921046380E-09
  -0.1805260717737535E-10  -0.1788230891602407E-09
   0.2804855517737397E-10  -0.3268026092358605E-10
   0.1786828873054826E-10   0.1564146035811678E-09
  -0.1441214494867362E-09   0.1715540397391800E-09
  -0.4983821401038192E-10  -0.6937378844983952E-10
   0.1003579188305031E-09  -0.1456092219654762E-09
   0.1510823123558751E-10  -0.2928077476960655E-10
  -0.5005964291327988E-10   0.7386167285411756E-10
   0.4317316891155045E-11   0.1033751099123297E-09
  -0.3959693509650250E-10   0.6682965780227453E-10
   0.4908935023509562E-11  -0.2857611244434091E-10
   0.7677486822206027E-10  -0.1385605259074668E-09
  -0.4025000631963341E-10  -0.1516569249619704E-09
  -0.6626892291020748E-11   0.5451917561908450E-10
   0.9030614060650876E-10   0.2720905488011440E-09
  -0.6576510451211159E-10   0.7310123791965192E-10
  -0.7219575358603197E-10  -0.2603923683136863E-09
   0.1654924004990194E-09  -0.2034428091909370E-09
   0.4961163376704616E-10   0.1945257809430113E-09
