   0.1686648999113316E-09   0.8341505366982898E-09
  -0.1197450323698281E-08  -0.3286423966752157E-09
   0.3095129936343344E-09  -0.2333166735231312E-09
   0.7804844063449563E-09   0.1446258482582683E-09
  -0.7502909082175131E-09   0.2255283888550370E-09
   0.9300722017531114E-09   0.1328642907120183E-09
   0.1593328392640415E-09  -0.1484316720093350E-09
  -0.1091361450119397E-08  -0.1622544695820545E-09
   0.4706816087607545E-09   0.2049732982772064E-10
  -0.3436563187328920E-09   0.3232012970585466E-10
  -0.1542923482555106E-10  -0.4510133643556614E-09
   0.5791874762408962E-09   0.3467204507888554E-09
   0.5782689275723368E-10  -0.5068664852427728E-09
  -0.1180653736124290E-09  -0.1504903561840414E-09
  -0.2170989591948986E-09   0.9129350685632546E-09
  -0.2860246011814279E-09  -0.1453691384177990E-09
   0.2401441960537267E-09  -0.4899829864707575E-09
   0.2760611683711324E-09   0.1561219237385160E-09
  -0.2514856865494726E-09   0.1434307169650169E-09
   0.2147876384698030E-09  -0.1200605875447656E-09
  -0.9854040951547732E-10   0.5623495035664768E-09
  -0.2540334759805894E-09  -0.2281421344586525E-09
  -0.1806699626187512E-09  -0.3260701752707591E-10
   0.6284591294237169E-09   0.3964527771562139E-09
   0.4383966657972385E-09  -0.8980367617210388E-09
  -0.1019012869281594E-08  -0.8993220157449706E-10
   0.2291467518254498E-09   0.3939725396921660E-09
  -0.7802501134009083E-10  -0.1522741742866321E-09
  -0.3026823560165138E-09   0.2276193975327370E-09
   0.7544718917496316E-09   0.1274817159172695E-09
  -0.3102443940571356E-09  -0.2846343102104205E-09
   0.5188611416333817E-09   0.6857519602547007E-10
   0.6652640471570963E-10   0.4482482585837921E-09
  -0.1276669532477796E-08  -0.2374047270981449E-09
   0.5976336702782898E-09  -0.4382551749848435E-09
   0.1704604015129408E-09   0.1310171550182310E-09
  -0.4634574299803570E-09   0.9247837001043125E-10
   0.7935008126095911E-09   0.1476446565505950E-09
   0.1729087695522145E-11  -0.2370040415841935E-09
  -0.4396330110710365E-09  -0.8804671260182352E-10
   0.2155816514445870E-09   0.3711253281697095E-09
  -0.4871595594103829E-09  -0.2220166245381265E-09
  -0.1365365965089781E-09   0.1577122678709546E-09
   0.7097668996327227E-09   0.1733454912221721E-09
  -0.2166475265130287E-09  -0.2839645983367295E-09
   0.2719891850718354E-09   0.3753065233769470E-13
  -0.4495652932588716E-10   0.4300119049456473E-09
  -0.6198505827706580E-09  -0.1446166143603711E-09
   0.3661133745046996E-09  -0.3171259370321091E-09
  -0.1170563009993277E-09   0.1748031129419987E-09
   0.3885759744541626E-10  -0.4574430060186637E-09
   0.3056439000910837E-09   0.1233402779598085E-09
  -0.6441108577397298E-10   0.1950377049390848E-09
  -0.2503665001869681E-09  -0.2003530546972712E-09
  -0.1152227100535068E-09   0.2858567287827217E-09
   0.2690475270797232E-09   0.1068336048806173E-09
   0.1142930754968185E-09  -0.3684912312756331E-09
  -0.1514762248577092E-09  -0.3843719876637313E-10
  -0.9569585819303815E-10   0.3906606851495583E-09
   0.4631237371467077E-10  -0.1384512221757408E-09
  -0.1289199521394202E-09   0.2555623390238804E-09
   0.1637647254683657E-09   0.7135134813000594E-11
  -0.9531678192982793E-10  -0.2393063851002863E-09
   0.3130211594331751E-09   0.1657428568115545E-09
   0.1918675890887051E-09  -0.1546049397746332E-09
  -0.8394023195992444E-09  -0.7676522515875252E-10
   0.3806552294729717E-09  -0.1615733435392450E-09
   0.6686499926311373E-11  -0.2810844110820767E-10
  -0.3951806315715266E-09   0.2657186116034605E-09
   0.7071421989100657E-09   0.1283260448111865E-09
  -0.4440799565815286E-10  -0.2992183667795101E-09
  -0.1215067622386821E-09  -0.5030663734134749E-10
   0.4535830231519808E-10   0.4299668380285659E-09
  -0.4998322894757376E-09  -0.1472433583466069E-09
   0.1873085097864013E-09  -0.1682097378398433E-09
   0.2005396830495066E-09   0.1127233849909628E-09
  -0.2065382537554333E-09  -0.1548490752138940E-09
   0.4508601219283688E-09   0.8243918873840489E-10
  -0.8135854286255144E-11   0.1962130340331196E-09
  -0.5322861783747442E-09  -0.2058502552592848E-09
   0.6455428707787970E-10   0.1207940340113617E-09
   0.1663970604561827E-09   0.1414867177026542E-09
   0.1202750155326158E-09  -0.4011139061498645E-09
  -0.7754954172489996E-10  -0.2709997558180184E-10
  -0.1789304317393727E-09   0.3939395601247580E-09
   0.2425217727252576E-09  -0.1187750398723169E-09
  -0.1851917984351291E-09   0.2538989568518689E-09
   0.3121056046919674E-10   0.7350970970010444E-10
   0.2045524426963731E-09  -0.5677694559429293E-09
  -0.4744747390122628E-10   0.1269977978972976E-09
   0.1359024262355069E-09   0.9775919776003685E-10
  -0.5785249333104507E-09  -0.1279674805393724E-09
   0.1250179797027765E-09  -0.1094149170402812E-09
   0.3865840215737265E-09   0.1138900493113878E-09
  -0.2488641749182261E-09  -0.3020752131971249E-10
   0.2738625847439472E-09   0.2870494553590377E-10
   0.3071357125503239E-10   0.1142113675067746E-09
  -0.3273740153731423E-09  -0.1780869461185758E-09
  -0.5225046466926663E-10   0.3532604904056272E-09
   0.8119228218880693E-10   0.3168476620071464E-10
   0.5392388697853267E-10  -0.3507354477546931E-09
   0.1937985578822911E-09   0.6661718701341106E-10
  -0.1441535902515245E-09   0.1817704094978020E-09
  -0.5637502387718985E-10  -0.4021075810684470E-10
   0.1668667137714844E-09  -0.5398722163881565E-10
  -0.3145983845088719E-09  -0.5424860806159077E-11
   0.5595116789336788E-10  -0.2239993247864612E-09
   0.2555699138487790E-09   0.1548722960152466E-09
   0.6174210283388801E-10  -0.1009337202015812E-09
  -0.2803707010783311E-09  -0.1495187492243693E-09
  -0.1577941800063023E-09   0.3789010467723925E-09
   0.3753335773408270E-09   0.1396472854649302E-10
  -0.8540107405486200E-10  -0.9559364284328265E-10
  -0.3136139443086888E-10   0.5530138783492145E-10
   0.1356002472416505E-09  -0.1892934869850033E-09
  -0.1572460733881571E-09  -0.2628688244112044E-10
   0.3915587384193024E-10   0.2713603677427456E-09
  -0.2444622332739785E-09  -0.1012707168128960E-09
  -0.5915847738753319E-10  -0.1663492815237694E-09
   0.5760180537458546E-09   0.1980936153325275E-09
  -0.5274202872584909E-10  -0.8532030035556085E-10
  -0.3385697978616263E-09  -0.1386065205697518E-09
   0.5366046684733103E-10   0.2991569543265789E-09
  -0.7231708448078508E-10  -0.4806486132471066E-10
  -0.1201583035908516E-10  -0.8973820898291721E-10
   0.1733244841162687E-09   0.9664831090564485E-10
  -0.3016702180584385E-10  -0.1885780021591119E-09
   0.1342126697232432E-09  -0.1151270309420141E-10
  -0.7435730714577353E-10   0.3504651866761600E-09
  -0.2969129850598708E-09  -0.9418467857139232E-10
   0.1387247941434654E-09  -0.3003556472079727E-09
   0.1579129904539006E-09   0.2121019226160274E-09
   0.1378972869027569E-09  -0.3145653944183632E-09
  -0.2793903118790159E-09  -0.8864336338807248E-10
  -0.7066972617255219E-10   0.3906427761431446E-09
   0.1171448887941221E-09  -0.8449988891989350E-10
  -0.1568917455602045E-09   0.5933669234793561E-10
   0.3317391546560876E-09   0.6897098053553439E-10
  -0.6870089309490597E-10  -0.9716567659615280E-10
  -0.2177549044419199E-10  -0.1760302358599334E-10
   0.1020080633253531E-09   0.1993428320197701E-09
  -0.4719813860993647E-09  -0.1125408037549647E-09
   0.9813855563061829E-10  -0.1363679549927077E-09
   0.3212032954047666E-09   0.1398147611208536E-09
  -0.1080589085160224E-09  -0.1258428626501805E-09
   0.8121456901428257E-10  -0.1739626899972200E-10
  -0.3031163011167824E-10   0.1777611510583348E-09
  -0.1475293489394715E-09  -0.5944740763453051E-10
   0.8440062396276648E-10  -0.2702928116569845E-10
  -0.8463542504532689E-10   0.4617710307877298E-10
   0.5359240402433619E-10  -0.2026643828751110E-09
   0.1425934836013801E-09   0.2121037541410248E-10
  -0.1263493998410730E-09   0.2336839860039595E-09
  -0.2204588744376873E-10  -0.7487228616668845E-10
  -0.9961121643072143E-11  -0.6676328043881296E-11
   0.8810985973981293E-10   0.6960375563484018E-10
   0.6528557705861880E-10  -0.1815622481297819E-09
  -0.1576992583719795E-09   0.2497336133744639E-10
   0.1280226742336441E-09  -0.1752327887890237E-10
  -0.1680507176099732E-09  -0.7669304714157013E-10
  -0.1099934222512468E-09   0.1951716478961961E-09
   0.2928821217468887E-09   0.1454067780690019E-10
  -0.1310724961275883E-09  -0.3753615065838950E-10
   0.1637449359753910E-09   0.1964729406812449E-10
   0.2055733219656372E-11   0.9353921694108227E-10
  -0.2432355314488299E-09  -0.7518468548361596E-10
   0.9781513687077058E-10   0.1451182686341600E-10
  -0.9005184707892441E-10   0.5512234952038421E-10
   0.8456765944893594E-10  -0.2852673257996766E-09
   0.1118942590105102E-09   0.6260054807953347E-10
  -0.7683753985764960E-10   0.1225520356542990E-09
  -0.1615775235103244E-10  -0.7999846991211741E-10
  -0.5542953585221517E-10   0.1223990864491805E-09
   0.5075428360599520E-10   0.4756479001134372E-10
   0.9400145395052476E-10  -0.2487151514023251E-09
  -0.7355928177474004E-10   0.3047993696331553E-10
   0.2293774627817527E-10   0.1115856958991733E-09
  -0.8566030706544588E-10  -0.9666748641964396E-10
  -0.1142814400520842E-09   0.1488563755227159E-09
   0.2329313510773914E-09   0.8848510193463894E-10
   0.6016094681057040E-10  -0.3123746783101717E-09
  -0.7697727878821049E-10   0.2741748694117111E-10
   0.4940785390965696E-10   0.1661733718746454E-09
  -0.2427927247054120E-09  -0.1141771248136607E-09
  -0.9677340370383582E-11   0.7571896814157470E-10
   0.1812494606527400E-09   0.8206855384981755E-10
  -0.2094054698915274E-10  -0.2239822797179183E-09
   0.1538112340347010E-09  -0.6753215140029560E-11
  -0.1350156885484438E-09   0.3713028341641609E-09
  -0.1260783803829759E-09  -0.1220514150428613E-09
   0.3436205825582025E-10  -0.3511019367592305E-10
   0.5480289918234719E-10   0.1305351020809096E-09
   0.1477722458988908E-09  -0.3884979298566983E-09
  -0.1218253481819065E-09   0.1660402557141728E-10
   0.5197846315191326E-13   0.2269918039103843E-09
  -0.1270285674303681E-09  -0.1022350148025458E-09
  -0.6338030959047053E-10   0.3909969348669517E-10
   0.2871245806283946E-09   0.9473487418974385E-10
  -0.4197396035753030E-10  -0.1655387711009123E-09
   0.2391886013892087E-10  -0.2081027440838751E-10
  -0.1768655992611404E-10   0.2625643387525494E-09
  -0.2326643058724130E-09  -0.9367311197081580E-10
   0.6844686176956694E-10  -0.9298138307711911E-10
   0.1075210743783366E-09   0.1218939825243708E-09
   0.5165749252351275E-10  -0.2602324705940692E-09
   0.1525380596871613E-11  -0.1632849767314758E-10
  -0.8208961206851631E-10   0.2971502228412735E-09
  -0.7538963146528881E-10  -0.8318904544566086E-10
   0.1087717516845635E-10  -0.3909684659499269E-10
   0.1158721565219996E-09   0.7095397900122186E-10
  -0.3345996631268997E-11  -0.1083264114430654E-09
   0.1531122063988814E-10  -0.3571128872065132E-10
  -0.6212007433015949E-10   0.2606479471219942E-09
  -0.8811692335418539E-10  -0.6755007954838452E-10
   0.1190750777686153E-10  -0.9055046610384377E-10
   0.1447751614155065E-09   0.1061723748697853E-09
   0.4914637978929984E-10  -0.1871562857318410E-09
  -0.1245390517045314E-09  -0.1466879275349067E-10
   0.3584268295522866E-10   0.1136470404014801E-09
  -0.1241144231154319E-09  -0.2461599671195060E-10
   0.4647181413036499E-10  -0.1114337010918430E-09
   0.9998369988034154E-10   0.5778115692823601E-10
  -0.5078652237391011E-10  -0.1021454320839647E-10
   0.9594042010844395E-10  -0.5848196697105206E-10
  -0.1388329900214080E-09   0.2825112806214007E-09
   0.1550996574681438E-10  -0.1896979641791503E-10
   0.8788046563854462E-10  -0.2118290526130548E-09
  -0.5176799658744634E-10   0.8268691511791948E-10
   0.1070800211314854E-09  -0.1058110733389261E-09
  -0.1765887066411688E-09  -0.5437148658853417E-10
  -0.3131060327263001E-10   0.1564997682401417E-09
   0.8762048258568935E-10   0.6326913674172657E-11
  -0.3867805037155279E-10  -0.1115905552774899E-09
   0.1758334494097797E-09   0.3131209257457770E-10
  -0.7864404669161624E-10   0.1376865080349421E-09
  -0.6866266514535261E-10  -0.8057275082562797E-10
   0.5500702736317033E-11   0.1069245088548567E-09
  -0.5732965546932045E-10   0.2998795442935270E-10
   0.9640544480302765E-10  -0.2526237008830669E-09
   0.1905329115965623E-10   0.6090703288495273E-10
  -0.1099063298715247E-11   0.4411813511234676E-10
  -0.7669939632752846E-10  -0.6265229881817355E-10
  -0.4202754182666240E-10   0.9023837783990789E-10
   0.9045264093789144E-10   0.4945867285793022E-10
   0.4951377979085901E-10  -0.1963961013192710E-09
  -0.2159202327388194E-10   0.1340310024029697E-10
  -0.1525500961836298E-10   0.1424372793924652E-09
  -0.7025560533786103E-10  -0.7835561777668948E-10
  -0.4797589466339357E-10   0.8850916207438028E-10
   0.1130795020134667E-09   0.5398047005483887E-10
   0.3078864299193173E-10  -0.1907046092901211E-09
   0.2095310216843115E-10   0.4417864316884574E-11
  -0.4052791167028210E-10   0.1860929666342539E-09
  -0.1222179544484259E-09  -0.5722924276720307E-10
   0.6160018414114223E-10  -0.7331514811093295E-10
   0.2410106011446568E-10   0.6278991086714004E-10
   0.2002561751889151E-10  -0.1126659322823675E-09
   0.4490321383692576E-10  -0.3017873455877838E-10
  -0.1085019361571702E-09   0.2535986502347976E-09
   0.1624890733042584E-10  -0.5086309123905781E-10
  -0.1428071522035463E-11  -0.6371017839660834E-10
   0.7081190414039925E-10   0.6749563673928325E-10
   0.5335954790042869E-10  -0.1110252829970572E-09
  -0.1204023281147747E-09  -0.2875694078474769E-10
   0.1029624028268528E-10   0.1074823744164091E-09
  -0.5143265062494505E-10  -0.1615670638028825E-12
   0.4341246355380960E-10  -0.1509227627417006E-09
   0.7894023990206852E-10   0.5315888910633538E-10
  -0.3207602971839446E-10   0.2796577578657858E-10
   0.9367585460050543E-11  -0.6677514432615940E-10
  -0.9243341586482613E-10   0.2046465550841721E-09
   0.3664956786291273E-10   0.1315626673436924E-10
   0.8075231459612577E-10  -0.2187875766934895E-09
  -0.2661630836542588E-10   0.4642338796527681E-10
   0.1978536239868082E-10   0.3413871000401379E-10
  -0.9787299529625866E-10  -0.4752333575853698E-10
   0.1651892859757845E-11   0.5219698938570261E-10
   0.3181930625350151E-10   0.2972448408913599E-10
   0.1003253214335542E-10  -0.1349936684554018E-09
   0.9448034509211922E-10   0.1436054552576347E-10
  -0.6712322295531170E-10   0.1681574993837288E-09
  -0.5815186668014710E-10  -0.7462650193714791E-10
  -0.1631179361259814E-10   0.3924611059054335E-10
   0.5554067530337152E-10   0.6420538707561145E-10
   0.8577849256783869E-10  -0.1980339901472369E-09
  -0.8013970983452454E-10  -0.1582358858271723E-10
  -0.5229887489174453E-10   0.1747094940633481E-09
   0.1523936468132266E-10  -0.2048221479899684E-10
   0.2381770457434246E-10  -0.9118608876232762E-10
   0.2124226808371799E-10   0.4884662500997639E-10
   0.1712721458124903E-10  -0.8029445383966337E-10
   0.5660654613447670E-11  -0.1726564891104706E-10
  -0.2861605057335005E-10   0.1705197213305705E-09
  -0.8489452750425818E-10  -0.5413329560375148E-10
  -0.1168593493740900E-10  -0.7179876445564745E-10
   0.1735729015746141E-09   0.9499065538653580E-10
   0.4124843895507638E-10  -0.8758765826957860E-10
  -0.1508675251916150E-09  -0.9270918172251792E-10
  -0.9902630645581074E-10   0.2390491866764336E-09
   0.1085318868287427E-09   0.6603255539615983E-10
   0.1673003920999726E-09  -0.3453735114632522E-09
  -0.1774087949828748E-09  -0.3264846733880305E-12
  -0.6710914305302014E-10   0.1745817979420381E-09
   0.1376616598495766E-09  -0.3084952026159687E-10
  -0.3639949828750506E-10   0.9853081571975130E-10
  -0.7124774559427727E-10  -0.3674343870315535E-10
  -0.4938684009851370E-10  -0.7183315033801697E-10
   0.2867551434715878E-09   0.7712070631711302E-10
   0.3144659569026672E-11   0.9007998605532623E-10
  -0.3673931557073164E-09  -0.1240859503968094E-09
   0.3650316677987436E-10  -0.1773279126826983E-10
   0.2171999396754078E-09   0.1512388237605582E-09
   0.1232184539421841E-09  -0.2552642257436721E-09
  -0.2675820921574485E-09  -0.9864126137433715E-10
  -0.1518680580855205E-09   0.2990719862618169E-09
   0.3493569028402238E-09   0.4333775076014947E-10
   0.1625947226474605E-10  -0.1028876153942343E-09
  -0.2274352634512391E-09  -0.3595807073961191E-10
   0.3359049132157528E-12  -0.2182551383280100E-10
   0.2332234815856858E-09   0.5478387115899919E-10
   0.1070459880524293E-10   0.7228191879926305E-10
  -0.3894371311785160E-09  -0.5658506808610338E-10
   0.1320718181242992E-09  -0.2497809442495126E-09
   0.2997925058296031E-09   0.1056579877843929E-09
  -0.1163788131621639E-09   0.1782883675917980E-09
  -0.2042904321175059E-09  -0.1133518596092798E-09
   0.1041413174657071E-10  -0.1372264384068612E-10
   0.2715171747118721E-09   0.7125405000139426E-10
  -0.5855210953113729E-10   0.3688491858605659E-10
  -0.2047379163201123E-09  -0.3967101485285404E-10
   0.1120834236700167E-09  -0.8421709280799072E-10
   0.5041768802373846E-10  -0.2194976363181769E-11
  -0.1075128782421552E-09   0.1516563445824094E-09
  -0.1684853859308336E-10   0.3088434070279925E-10
   0.1485793693315744E-09  -0.2764600492426679E-09
   0.1228004845836271E-10  -0.3079875128674042E-10
  -0.2132288835741905E-09   0.3889877300874980E-09
   0.7631748360710570E-10  -0.6261702254104150E-11
   0.1579426801666632E-09  -0.2938800150578563E-09
  -0.1066746382603107E-09   0.1835113268401825E-10
  -0.7950455137351365E-10   0.1373070638431868E-09
   0.1058673102701489E-09  -0.6895844948808526E-11
   0.4139164020000800E-10  -0.1774102287826565E-10
  -0.1775207252107932E-09  -0.1150527556874319E-10
   0.2583940786653889E-10  -0.9983896980847717E-10
   0.2158874678455017E-09   0.4049544800070558E-10
  -0.8308159390891293E-10   0.1453330052852294E-09
  -0.1662166295839264E-09  -0.5333195467782560E-10
   0.8191818396270743E-10  -0.1199787619444705E-09
   0.1119298599364617E-09   0.4725790281313908E-10
  -0.5489073412968105E-10   0.7951929843128156E-10
  -0.9882858899937344E-10  -0.3224353558336135E-10
   0.5454814532182919E-10  -0.6779310828665053E-10
   0.7757421099300449E-10   0.1212443770445582E-10
  -0.8187472325857363E-10   0.8871105427764344E-10
  -0.1047088802534664E-10   0.1498986013394553E-10
   0.1083270494546777E-09  -0.1427856930882451E-09
  -0.6513153379794922E-10  -0.3296787102059683E-10
  -0.1136402178453120E-09   0.1944034338121362E-09
   0.9345157005856079E-10   0.3494043244329488E-10
   0.1191176627219083E-09  -0.2265572030084308E-09
  -0.1159331587029446E-09  -0.2265692078301983E-10
  -0.1020790583534799E-09   0.2139665012365350E-09
   0.1534367853508355E-09  -0.1828963500555779E-10
  -0.1295746313883686E-10  -0.3453219640564576E-10
  -0.8835288061935705E-10   0.4250061194083948E-10
   0.1106459118476328E-09  -0.1863794799032777E-09
   0.1092658144270904E-10  -0.2178401009918950E-10
  -0.1114261896085567E-09   0.2724080053908749E-09
  -0.7544067729105683E-10  -0.4679452059983377E-11
   0.1502561757763821E-09  -0.3155262140802557E-09
   0.7927948263537591E-10   0.3358125924331735E-10
  -0.1688578921876513E-09   0.2647355598347977E-09
   0.5242582509236151E-10  -0.5015811440447162E-10
   0.5349915045609552E-10  -0.6417427078839345E-10
  -0.7985280370334250E-10   0.3062129077522292E-10
   0.3923497052125301E-10  -0.9549666391720139E-10
   0.3417088630148904E-10   0.1337526075849998E-10
  -0.6886418450549581E-11   0.7512426829002622E-10
  -0.1146076974101640E-09  -0.2988500908283674E-10
   0.2875874759462472E-10  -0.6601065297175042E-10
   0.1369499576576224E-09   0.2783711495326158E-10
  -0.8389333948045309E-10   0.8776121577248884E-10
  -0.8544389719187827E-11  -0.2865344196920342E-10
   0.2299533546694780E-10  -0.3045623451321478E-11
  -0.7050914600452124E-11  -0.2334002168805994E-11
  -0.1038116216344090E-10   0.1201068598329297E-10
  -0.3173152350509336E-10   0.2768277663674817E-10
   0.9030495936496013E-10  -0.1231756815286841E-09
  -0.5442791330800609E-10  -0.2677849490070551E-10
  -0.9577973130287787E-10   0.1595556158941048E-09
   0.1082368342398235E-09   0.1753026999125792E-10
   0.4802335381734906E-10  -0.1217877039622426E-09
  -0.5322828295572802E-10  -0.1684002517676337E-10
  -0.6754050316219459E-10   0.1323800419914545E-09
   0.8651373792979451E-10  -0.4489127206495361E-11
   0.2459014785165749E-10  -0.5497509055122359E-10
  -0.1254939834173049E-09   0.3451906785847397E-10
   0.1105732952202682E-09  -0.1559707307934862E-09
   0.1379045526783425E-10  -0.2384133656671363E-10
  -0.1331670202007299E-09   0.2338599353117803E-09
   0.2878997625566070E-10   0.1865782014392743E-10
   0.1297626870749863E-09  -0.2702522540118245E-09
  -0.3864875904090217E-11  -0.7986317899853646E-11
  -0.1617424392497187E-09   0.3025138880531476E-09
   0.8607974313519987E-10  -0.3171833915290899E-10
   0.6425819146258591E-10  -0.1476615507821062E-09
  -0.1005101180137466E-09   0.6642004108859450E-10
   0.1016701237545337E-09  -0.1427729798194337E-09
  -0.2543122316874027E-10  -0.4614328320648488E-10
  -0.1188545770558507E-09   0.2653020462080359E-09
   0.3782795385556619E-12   0.1889826462195986E-10
   0.1349227984253663E-09  -0.3151213812947144E-09
   0.6430736612299700E-10   0.3604785937833396E-11
  -0.2024060919641712E-09   0.3516812706355023E-09
   0.7235364427208445E-10  -0.4748322435570245E-10
   0.8741372465812041E-10  -0.1379978556414389E-09
  -0.1271573036805240E-09   0.4857354672786419E-10
   0.6801020374683787E-10  -0.1058015745154678E-09
   0.3462337255874682E-10  -0.2235728844622465E-10
  -0.8765806754989380E-10   0.1913770335056879E-09
  -0.5551034861020807E-10   0.7753053605989717E-11
   0.1216678196040595E-09  -0.2457903442411757E-09
   0.7814427214778652E-10  -0.6026525258654064E-11
  -0.2028798243228081E-09   0.3291330696728031E-09
   0.7710687201955628E-10  -0.2396167664933231E-10
   0.1092900680688613E-09  -0.2022772319712096E-09
  -0.1167047812821144E-09   0.4082125405951923E-10
   0.3384792914968790E-10  -0.4597696416378904E-11
  -0.1890687320961741E-11  -0.3487839210897722E-10
  -0.5042209216707636E-10   0.1001065106882260E-09
  -0.1476206321125005E-10   0.4106882424003224E-10
   0.1073690993637899E-09  -0.2461360810166664E-09
   0.5062423127277250E-10  -0.1676387066949572E-10
  -0.1795626151707006E-09   0.3373351595945934E-09
   0.3761972183167261E-10  -0.2705253590305267E-10
   0.1109098486699272E-09  -0.2227144239754081E-09
  -0.6207651116369809E-10   0.5346257572470910E-10
   0.8869137934429334E-11   0.2747845395694344E-11
  -0.7491550648997472E-12  -0.3746278153369596E-10
  -0.3376522516523888E-10   0.1048296605818628E-09
  -0.5174712044187869E-10   0.2619905455446051E-10
   0.9824095452518010E-10  -0.2191063388895339E-09
   0.7513776640829041E-10  -0.7100961686701301E-11
  -0.1708294178396781E-09   0.2956470332205345E-09
   0.3848588539385551E-10  -0.2775468458920028E-10
   0.9107828204344965E-10  -0.1422199895836814E-09
  -0.6526903915097383E-10   0.1472068333261766E-10
  -0.9089624489266773E-11   0.1173448621080779E-10
   0.1523506279419083E-10   0.2535878338371688E-11
  -0.1820689341748185E+00  -0.1670526796725300E+01
  -0.1470116022622916E+00  -0.1929839237397758E+00
   0.3158397991765433E+01   0.3651067945979625E+00
   0.3420662036522071E-01  -0.1161957213312416E+00
  -0.1144134372425553E+00   0.1268872735745948E+01
   0.7336364459207705E-01   0.9780756538462715E-01
  -0.3620192042252276E+00  -0.3789706954428226E+00
  -0.2003187629359430E-01  -0.2407337673714636E-01
   0.9287829199713578E-01   0.5411478620971873E-01
   0.1017760872839145E-02   0.3809051305026515E-02
  -0.2451038305746366E-01  -0.7126978708934574E-02
  -0.4772742441570837E-04  -0.3103985671673599E-03
   0.1151615658244684E-01  -0.7145429107558513E-02
   0.3063747286976902E-04  -0.1946190597929193E-04
  -0.1716646553714143E-02   0.1001273035969136E-01
   0.1913431274442855E-04   0.3356045129677933E-04
  -0.3501959338863990E-02  -0.6579488435294319E-02
  -0.1841290779449662E-04  -0.9398594600315550E-05
   0.4417859730781700E-02   0.2798559075136502E-02
   0.9917853268131441E-05  -0.7976290959555020E-06
  -0.3526074222931998E-02  -0.5681421395171395E-03
  -0.4240161092144700E-05   0.2235424954930906E-05
   0.2383241427933811E-02  -0.3803359566305081E-03
   0.1680867966117461E-05  -0.1642356987555807E-05
  -0.1497672004007461E-02   0.6498016480822884E-03
  -0.6777515044333811E-06   0.9897988879704089E-06
   0.9132368425387693E-03  -0.6372124985086047E-03
   0.2945398067946079E-06  -0.5754318772581451E-06
  -0.5522121961287006E-03   0.5352539330296593E-03
  -0.1384123676706700E-06   0.3389657137364114E-06
   0.3348452392649429E-03  -0.4220559361549141E-03
   0.7182913019886345E-07  -0.2077870951801590E-06
  -0.2046720667990220E-03   0.3237419960161501E-03
  -0.4499893114809713E-07   0.1346953138890234E-06
   0.1263563520729199E-03  -0.2457347049620174E-03
   0.2675847905869062E-07  -0.8762894430337149E-07
  -0.7883930333971994E-04   0.1861701985569367E-03
  -0.1513074639788308E-07   0.5726475352926750E-07
   0.4971766969048292E-04  -0.1414514886396947E-03
   0.1010392852125253E-07  -0.3971283417789670E-07
  -0.3163321085650637E-04   0.1080838970177840E-03
  -0.5509136809388002E-08   0.2834967178368761E-07
   0.2023201613763428E-04  -0.8314579356735146E-04
   0.2663236037841299E-08  -0.2046713094273836E-07
  -0.1297679734138611E-04   0.6444758050252726E-04
   0.8871511490213133E-10   0.1395465188732043E-07
   0.8337745918977903E-05  -0.5034216290000350E-04
  -0.1225784867148548E-08  -0.9664393513945641E-08
  -0.5345105159969458E-05   0.3962715831116954E-04
  -0.1743556425552427E-09   0.7826303914629484E-08
   0.3391814396841155E-05  -0.3144406103141527E-04
  -0.1482010091663242E-09  -0.5780351625962108E-08
  -0.2104092430795352E-05   0.2512540525981083E-04
  -0.4045269171626275E-09   0.4421802333598345E-08
   0.1260802534386623E-05  -0.2022120866425796E-04
   0.1268793206592553E-08  -0.3464115737523385E-08
  -0.7180509565184487E-06   0.1639573530866657E-04
  -0.5592469914349648E-09   0.2239322264414175E-08
   0.3661401382970447E-06  -0.1337184831665590E-04
   0.1187361229983250E-08  -0.2194811316831253E-08
  -0.1350556034920301E-06   0.1098064794824669E-04
  -0.7496561147397900E-09   0.1793347341060024E-08
  -0.1517190349705825E-07  -0.9069792735499039E-05
  -0.4950982111662661E-09  -0.9703393736024438E-09
   0.1077083122341136E-06   0.7523919188497110E-05
   0.9996021025005196E-10   0.1006147298590577E-08
  -0.1604988604727101E-06  -0.6282426800289545E-05
  -0.4304966344151341E-09  -0.7199286056070730E-09
   0.1900615691310721E-06   0.5269699509795302E-05
   0.6699888420249431E-09   0.4355663510003622E-09
  -0.2013265982899930E-06  -0.4439676779032666E-05
  -0.3950494582631937E-09  -0.4275749207556996E-09
   0.2018074982609161E-06   0.3759213566975079E-05
   0.2956476218809147E-09   0.3743334501548641E-09
  -0.2016185655688791E-06  -0.3191598728802054E-05
   0.5974530409912433E-09  -0.5909491662567412E-09
   0.1949002664419673E-06   0.2728204713500470E-05
  -0.4010401721839843E-09   0.2130156250577256E-09
  -0.1782050617005320E-06  -0.2341127605267186E-05
  -0.6930302937133170E-10   0.4935420993340449E-10
   0.1606948293024400E-06   0.2012333789946995E-05
  -0.4067899732282751E-09   0.3849943547178062E-09
  -0.1500044100604093E-06  -0.1741418454218918E-05
  -0.6043244194955836E-10  -0.2702193518096497E-09
   0.1452995498713853E-06   0.1505975427043028E-05
   0.7267377611336699E-10   0.1474361996758508E-09
  -0.1354480185155278E-06  -0.1308531105589570E-05
   0.6804176570474321E-10  -0.3363537964677960E-10
   0.1177901003135217E-06   0.1145442012372916E-05
   0.4064344725913077E-09  -0.1916044408396393E-09
  -0.1040572711471013E-06  -0.9981116525163167E-06
   0.2452909546107027E-09  -0.2903075831424607E-09
   0.9882112347255569E-07   0.8762098339582307E-06
  -0.2761706121776519E-09   0.3061413841507083E-09
  -0.9419158125816772E-07  -0.7722263451552293E-06
  -0.4123166730074374E-09   0.2000457791556320E-09
   0.8226991798223157E-07   0.6781390383885492E-06
   0.1788291884827337E-09  -0.1014162347527041E-09
  -0.6881796867566498E-07  -0.6016683713420096E-06
  -0.1569988941429177E-09  -0.6934687646750901E-10
   0.6478824119605169E-07   0.5321079661943821E-06
   0.1876369906261857E-10   0.1849780586487312E-09
  -0.6508975502620913E-07  -0.4707878643642955E-06
   0.1422991079464023E-09  -0.1009483482284098E-09
   0.5927769273994183E-07   0.4210115809679227E-06
   0.1771854184802236E-09  -0.2100960220748656E-09
  -0.4892950840304821E-07  -0.3747561930410343E-06
   0.1106065945913241E-09   0.1041566179003956E-10
   0.4235208955305760E-07   0.3362643753710252E-06
  -0.2910029935807485E-09   0.2159716292937020E-09
  -0.4265248305761234E-07  -0.3022472594637158E-06
   0.5753364541824055E-10  -0.7860632401905100E-10
   0.4228918315848801E-07   0.2697433326828496E-06
  -0.7110059997829573E-10  -0.3168554736192232E-10
  -0.3629489260152401E-07  -0.2435657511571255E-06
   0.9226395072187411E-11   0.7561155764721220E-10
   0.3003975402116654E-07   0.2200651172305211E-06
  -0.2377988516054862E-10   0.3034052489348696E-10
  -0.2747939139417996E-07  -0.1990256682294006E-06
  -0.6296120630979101E-10  -0.7554810815134047E-10
   0.2710059202806315E-07   0.1799603666581735E-06
   0.3022693174216056E-09  -0.4825612931156900E-10
  -0.2573912631433129E-07  -0.1611765294493073E-06
  -0.1999416323759637E-09   0.4235883488660304E-10
   0.2315360233277910E-07   0.1457144602009979E-06
   0.5191771370827896E-11   0.1751942676421313E-10
  -0.2078279054188115E-07  -0.1331418852228247E-06
   0.1052033498974051E-10   0.9747628212512938E-11
   0.1836494275222919E-07   0.1212584691666076E-06
  -0.2274071838611977E-10  -0.8474420007148772E-11
  -0.1640843971782789E-07  -0.1102454494460115E-06
   0.8800496024045548E-10  -0.3964250954466414E-10
   0.1576441879231467E-07   0.1004625551225902E-06
  -0.1140212776228704E-09   0.4928779137549878E-10
  -0.1559404219517380E-07  -0.9172677300216641E-07
   0.1039386380501189E-09  -0.1788039863830910E-10
   0.1392180004545514E-07   0.8482967295829426E-07
   0.2419807511943282E-10  -0.5422441239253630E-10
  -0.1094620424661844E-07  -0.7839833146462106E-07
  -0.1240318242688593E-09   0.4759998748106148E-10
   0.1027075360427283E-07   0.7079799354838154E-07
  -0.6426775182821193E-10   0.1046267841907309E-09
  -0.1257993182646855E-07  -0.6476426588382577E-07
   0.1289329320825422E-09  -0.7955355034844585E-10
   0.1274294385848534E-07   0.6044003944551661E-07
   0.7703228655364344E-10  -0.1176026015303471E-09
  -0.8912714598359185E-08  -0.5529912299436877E-07
  -0.1470713848129352E-10   0.5933225495784997E-10
   0.5904216498995422E-08   0.5140319564157667E-07
  -0.6196000574438548E-10   0.8265373339983040E-10
  -0.7174391654925605E-08  -0.4761779277362943E-07
  -0.4738219138029503E-10  -0.5561619322895602E-10
   0.9338818456710375E-08   0.4279075242445935E-07
   0.6243543699803435E-10  -0.2328500902644490E-10
  -0.7774919062917608E-08  -0.3990257788742048E-07
  -0.1344691559457227E-09   0.1010029694014500E-09
   0.4757315306590862E-08   0.3683243911931980E-07
   0.3541719200452192E-10  -0.7864606885833081E-11
  -0.4241283453839296E-08  -0.3407821847964839E-07
   0.7558266870997713E-10  -0.8689764994597225E-10
   0.5727005517587934E-08   0.3199812779704843E-07
   0.4443267359854694E-10  -0.4893732774638057E-11
  -0.6405260673381486E-08  -0.2847362197546006E-07
   0.5015276315673599E-10   0.1845218684637313E-10
   0.4927982761976870E-08   0.2677258037099023E-07
  -0.1105061880194212E-09  -0.1814222153742038E-12
  -0.3631451488447564E-08  -0.2560746795288195E-07
   0.7488451609674527E-10  -0.1240122647077544E-10
   0.3603036100949324E-08   0.2392028603075481E-07
  -0.5083744993589804E-10   0.2977950517127283E-10
  -0.3834570044549206E-08  -0.2273568253339669E-07
  -0.7170644760912513E-10   0.2177801598083841E-10
   0.4241661516715723E-08   0.2024879449645370E-07
  -0.2099413960606730E-10   0.1863907069840731E-10
  -0.4889543311252567E-08  -0.1856504071536460E-07
   0.1503440677557551E-09  -0.5450599919514217E-10
   0.4581008402551406E-08   0.1861601381418476E-07
   0.3979375776447165E-11  -0.5524405716100141E-10
  -0.2588839959436809E-08  -0.1749291968206380E-07
  -0.7015608846526470E-10   0.5149259929440150E-10
   0.1525229625763741E-08   0.1576967346472474E-07
  -0.2836573812211811E-10   0.7207747110916833E-10
  -0.3187905964548933E-08  -0.1482616652595742E-07
  -0.2440082153689167E-10  -0.4004403476377502E-10
   0.4345613038111631E-08   0.1369848618739653E-07
   0.1292359617548301E-09  -0.7211498996051152E-10
  -0.2718423729960382E-08  -0.1247096532152443E-07
  -0.7449813668098325E-10   0.5287560681856587E-10
   0.8064258617838997E-09   0.1208491256430177E-07
   0.1779810890428956E-10   0.1790917526664098E-10
  -0.1248803615864175E-08  -0.1129489303677536E-07
   0.2764983423503651E-12  -0.4447496721591126E-10
   0.2914805038260623E-08   0.9992407124005543E-08
  -0.3610261150725223E-10   0.1674985986506589E-10
  -0.2782940125792984E-08  -0.9649069507748495E-08
  -0.1228623331395979E-10   0.5353524911743911E-10
   0.1129566734955082E-08   0.9019281440064498E-08
  -0.4280896124771134E-10  -0.9261460435536697E-11
  -0.4433066266096329E-09  -0.8747091434580127E-08
   0.8649989372132770E-10  -0.5363620947813698E-10
   0.1198738588782091E-08   0.8878803462460911E-08
   0.5081278528018118E-10  -0.5603275123154833E-11
  -0.2016127708091389E-08  -0.7586590530664304E-08
  -0.2902525727860666E-10   0.1200816818094253E-10
   0.1950729274171923E-08   0.6980085268933706E-08
  -0.4264256090081874E-10   0.9650725302254895E-11
  -0.1784854565318823E-08  -0.6949781950571843E-08
   0.4784267141043518E-10  -0.4511858576488417E-11
   0.1668491629517596E-08   0.6684265094243110E-08
  -0.4995461269565833E-10   0.3888001079275520E-11
  -0.1019873462739623E-08  -0.6895066059714652E-08
  -0.4579892171891891E-10   0.2443499517859820E-10
   0.8860135183477992E-09   0.5966165651730763E-08
   0.6509249725720567E-11   0.2121882995572072E-10
  -0.1750173457767728E-08  -0.5319955018549668E-08
   0.4870982055711414E-10  -0.4212938689499940E-10
   0.2148611631536437E-08   0.5669501216598822E-08
   0.7243562087260325E-10  -0.5022265105074379E-10
  -0.9695812275779517E-09  -0.5209722364437321E-08
  -0.8238055068471438E-10   0.4722558501615058E-10
  -0.1680697008969313E-09   0.4855281532250356E-08
   0.1406166427528369E-10   0.3167823270472872E-10
  -0.6045553110245822E-09  -0.4731804851198057E-08
  -0.2808731081713221E-10  -0.2813127955796773E-10
   0.1692744484337463E-08   0.4165395293782627E-08
   0.4239570226707276E-10  -0.2158198993513402E-10
  -0.1108783092226541E-08  -0.3821971067439362E-08
  -0.1690156517368519E-10   0.3248602473153813E-10
  -0.1537226717282153E-09   0.3814814056939932E-08
  -0.2066001974122993E-10   0.3864800088864757E-11
   0.4640531117805827E-09  -0.3915129103609962E-08
   0.1567386834682519E-11  -0.2126901768635612E-10
   0.1053253202455226E-09   0.3763914195701007E-08
   0.5297321425505661E-10  -0.6898599934601210E-11
  -0.2654914721984836E-09  -0.3366105051389815E-08
  -0.6444242118213441E-10   0.2354802729423263E-10
   0.2928940770635510E-09   0.2650046350178092E-08
  -0.5173855619502339E-10   0.2503891395640750E-10
  -0.5705424442197906E-09  -0.2816443333922741E-08
   0.8198670793277968E-10  -0.1729201329203491E-10
   0.1975757181721970E-09   0.3305089889650093E-08
   0.1813022828969471E-10  -0.3966718241394147E-10
   0.5016269267685501E-09  -0.2703954733120207E-08
   0.2794964485013083E-10  -0.1123813344463955E-10
  -0.3517173334588890E-09   0.2714814413799923E-08
  -0.3517346228819509E-10   0.3669205497267426E-10
  -0.6838185239221851E-09  -0.2605337203539385E-08
  -0.9529525804199645E-11   0.3538346252155188E-11
   0.1105078753380479E-08   0.2022885755513281E-08
  -0.3782811186970807E-10  -0.6770175192142021E-11
  -0.4666825194854298E-09  -0.2277119442237082E-08
   0.3645419860580844E-10   0.8336983064844160E-11
   0.1356486708174181E-10   0.2297753467618667E-08
  -0.3590633204461341E-10   0.1140671411505891E-10
  -0.2963876774808064E-09  -0.2169689560631400E-08
   0.3032642697723165E-10  -0.2145254574313245E-10
   0.7093760553142537E-09   0.2216215627065720E-08
   0.3191172514846349E-10  -0.1399442522069112E-10
  -0.8708182654338887E-09  -0.1598982748095250E-08
   0.1719363179403275E-10  -0.2966414181779873E-11
   0.8713099423957075E-09   0.1514401704226613E-08
  -0.5896870687590101E-10   0.1872775164008282E-10
  -0.7578816617932325E-09  -0.1909017108210916E-08
  -0.5737295020597385E-11   0.1738718220794368E-10
   0.2538875258865024E-09   0.1807836729388096E-08
   0.3792616230325915E-10  -0.1728148999992250E-10
  -0.2160454698830916E-10  -0.1549686484984981E-08
  -0.1636612165498979E-10  -0.1717621778231496E-10
   0.6782753756186864E-09   0.1366940199194636E-08
   0.4784564932721174E-11   0.1576290910132062E-10
  -0.1231694243516383E-08  -0.1176017655661047E-08
  -0.1009326353094283E-11   0.1141257598884505E-10
   0.8141838932864834E-09   0.1103668536193086E-08
  -0.1851169786016429E-10  -0.1520845829662225E-10
   0.6879863897582581E-10  -0.1347479067793350E-08
   0.6306584154630664E-11   0.2192016398317962E-11
  -0.2309513770970646E-09   0.1344812407031960E-08
   0.1034204528995065E-10   0.1480660581257888E-10
  -0.2911967315155319E-09  -0.1260738935623713E-08
  -0.4124433529553292E-10   0.4630428198974825E-12
   0.5711661282606763E-09   0.1057937544857104E-08
   0.4967461376909306E-10  -0.1786607982469080E-10
  -0.6559618849816797E-09  -0.5334612395929810E-09
   0.5083148957593576E-10  -0.1867718206231642E-10
   0.5887543579163686E-09   0.9660562731277738E-09
  -0.4606486289160833E-10   0.2681931195918097E-11
  -0.7481598648198056E-10  -0.1362737314198734E-08
  -0.3246562446927378E-10   0.3105483238022770E-10
  -0.4069087920159061E-09   0.9409280183271592E-09
  -0.3255582656926942E-11   0.1539619685579628E-10
   0.1468123300315542E-10  -0.9853245828664796E-09
  -0.4774298828072939E-12  -0.2540315452575043E-10
   0.8384066631825099E-09   0.8973671986583172E-09
   0.2768577149040373E-10  -0.1273930831630079E-10
  -0.7212080339380992E-09  -0.7022987343517371E-09
  -0.5501325763289325E-11   0.2003205880338025E-10
  -0.1503191470896374E-10   0.8241554652582204E-09
  -0.2083404001186024E-10   0.2473348086653661E-11
   0.1849192478766859E-09  -0.9606412422970076E-09
   0.1637385094191986E-10  -0.1569627954071797E-10
   0.1430886468848663E-09   0.1001805956504232E-08
